10000
29657
25080
31893
30722
30042
31269
21052
16318
23124
21484
29448
31288
24207
3463
20377
13214
844
29119
23526
21281
2509
6238
32220
24324
30488
27366
20296
18162
1273
24963
14070
10388
9286
3135
7450
16995
29798
15477
16112
2235
21524
25224
26016
4401
28513
29652
1124
18471
28408
27877
492
9374
11430
17383
12546
20043
4378
24414
15466
27116
32489
25880
2572
32732
28373
30047
22869
12517
8526
9843
8410
11606
2361
21559
28478
8790
21489
6186
21334
4472
12939
32153
3980
18064
18527
17939
7297
24516
25283
21022
16119
7142
24090
552
13549
25345
23566
9152
15883
15665
12057
16134
833
11192
8010
22624
8620
6223
27718
31343
23737
20154
12429
7234
15244
13471
2558
14281
5539
13208
11166
9356
21174
2439
15509
2716
25058
29482
10361
458
11271
25839
17615
12568
1391
17929
28623
621
25264
25027
3176
16013
21715
788
32644
9543
4277
28276
4749
22001
1454
11759
24368
7185
18289
25464
10337
29789
20275
5503
17567
24038
22544
10694
32121
19344
23210
624
2129
18885
27667
29019
31840
11370
1005
30127
27130
22802
28111
30647
30483
370
27115
30448
9475
25110
16622
24160
9094
22866
20264
29481
21767
27258
19181
4446
26654
341
19003
11029
10839
2512
19356
15806
30773
12272
17998
12723
28278
23562
1442
22544
16537
16182
21410
31428
22686
1025
14070
13032
9229
30562
18441
31056
12857
15856
24935
9568
1990
26961
12138
20001
19305
502
25365
16788
12271
22789
3136
1607
16257
13975
24309
6949
27686
14372
26651
27026
2441
29499
30033
7608
5117
12407
13341
22811
26814
21166
19526
29556
21369
15979
31102
15804
5391
21919
26692
31623
18327
23443
23049
1683
17314
21793
21650
20641
27330
14628
24733
14211
31565
1325
7111
24439
20830
2680
8621
1971
14621
1822
4178
3393
13888
24459
11201
4109
25810
3123
25843
28221
22323
3969
18418
2496
5473
2064
5439
3114
8565
13086
2673
7359
9585
29502
7712
15565
11832
12108
13057
15936
6110
7590
1618
2160
3874
20377
23929
7997
19513
4378
14056
8286
27342
28855
579
10998
838
973
9157
25960
26952
15098
18144
5485
13181
23253
17443
32356
28820
27869
7777
31209
11658
15536
23312
32424
12584
13694
14831
2419
4301
13244
4076
7315
621
7965
18756
18780
4058
24766
22252
30725
3906
2464
2864
25014
1273
15708
10650
28897
21113
13586
11797
31702
22184
28323
3922
3474
25433
23584
107
12504
11284
10114
30150
29060
4634
24219
28989
2075
29092
6988
22907
25510
21612
31737
24745
1473
11630
58
15947
25839
496
7635
16484
18736
9152
8679
30689
22230
24765
12904
1076
15252
19352
978
16960
12760
476
5913
25205
20058
4908
5087
10812
19445
28108
4843
25749
18871
29796
27863
17918
12084
8448
24840
18328
11039
22874
10468
15749
27
22620
19262
11412
5070
20705
17429
8992
29751
11708
21631
6453
18242
4859
3808
7157
22682
1133
29535
18490
14783
21857
12443
22653
10328
17841
23705
18935
11978
28671
14850
23813
13065
27967
23947
29905
26543
20853
18356
6703
21323
26048
18101
9669
25083
17304
13493
21871
13629
13652
26174
20706
9730
32751
23790
24975
11524
31243
4719
25034
9562
5174
28585
10027
7497
13933
17461
27700
10590
5854
21013
32053
28089
28146
16803
11373
20908
11147
4552
20850
4485
4491
22638
22483
8871
22421
26424
8443
7648
15383
10352
15704
9206
9864
18497
16573
28803
16110
32294
13829
3843
7844
2722
30202
26156
32346
15666
25973
3454
1373
5760
24262
8474
7705
23257
19029
2007
29660
10465
10890
24467
32220
26757
7915
967
15228
9778
8836
25182
1483
11844
2444
4808
6733
31938
581
25418
17151
21832
7460
20632
16277
5956
8242
7077
21510
8805
10674
29114
8266
24401
26116
23238
9570
16535
23753
25077
7066
20452
6472
11395
32267
7033
12817
29395
28515
6108
29663
4027
23529
18894
13251
6690
31931
19582
3199
15566
8282
2044
2864
16503
23657
11248
3889
31776
3250
17036
24891
8103
17258
28607
17873
3226
3766
12460
3803
12620
14190
12122
28817
6696
23840
32429
7578
11590
4952
21141
28277
17468
25630
2181
6169
6199
23489
5159
13784
13386
467
9294
10889
25093
25461
5164
7398
17482
4821
31941
4915
5212
16372
31395
29217
13625
20141
31691
25329
4394
3571
10737
25820
30104
29786
17640
3507
24865
1496
348
15811
30699
18125
16323
19195
4664
24642
12177
26449
6459
22894
12971
18017
9771
2687
5407
18007
6037
11415
27922
8208
4342
11028
14074
25212
6281
6676
525
15687
18270
30264
16632
24248
16300
4521
4821
26841
23912
21081
6231
16856
21782
9612
10568
17325
13536
19606
32310
3837
31717
26342
8809
1342
15315
23875
16920
11805
30904
4694
10460
3100
15125
31849
1124
9344
2101
3182
16235
15978
13500
1603
2279
7492
17795
11828
23427
14942
21155
28610
6480
16857
8400
24994
4023
22213
25833
19209
30643
25222
26060
3623
17981
29564
28783
7153
24839
28387
21037
21796
2924
6647
19805
31879
8103
15964
15401
7792
26692
28094
21918
4489
11733
10421
18687
29908
19686
27883
9055
20205
26675
28288
13166
12944
2840
173
24468
3162
20552
29096
8764
32212
24770
24008
8307
27053
24321
15850
3761
5447
4723
13587
22518
886
26413
24919
15129
27780
5597
13305
21085
30584
2048
5331
14662
6295
19541
21752
17579
14636
12177
13465
267
3205
19796
37
27429
13886
11612
2228
5826
9666
16633
31654
14294
19214
21696
23943
16839
2232
19076
11318
4365
1840
12162
27719
21243
19783
732
9637
8156
16877
16457
4988
31554
31551
778
2902
11931
32449
21792
24452
12805
22247
32444
16575
5988
8667
27127
25359
11185
32122
28355
27116
17045
29855
6945
24483
24630
20901
19349
15356
13649
31271
10199
15898
8585
14346
22476
7586
12286
5054
1204
22304
16930
9152
31397
6054
23752
30052
32312
2998
19326
29393
10882
5473
3613
27213
27462
11697
17566
6843
26472
30021
3375
26977
28581
14395
2182
9455
17794
26963
30838
31165
20098
22608
11456
31573
1948
10146
12843
26417
19692
17731
30679
1222
18857
27359
24270
18113
9303
26935
26588
4496
15166
17095
29601
19236
1306
22950
18660
6133
27156
13487
21802
26951
10481
8158
23431
16556
7306
11260
1461
19659
30076
20863
2915
17247
15392
15020
25551
7299
11966
30974
13719
4908
20477
10699
30925
3831
14750
20005
32585
23333
1898
23039
22339
20195
28265
16016
15393
19151
21589
29693
2445
12217
31566
17970
25803
12966
5583
26896
4169
12827
22241
6094
7544
28824
21135
17305
28891
22626
17049
5502
19550
11397
877
18314
21480
19226
23890
6448
16435
25798
28135
25322
13276
19843
17868
3363
26294
19107
3743
28245
7012
530
19754
21615
4903
28379
5082
15737
29684
32493
14707
890
21706
15904
26627
32666
25666
12915
6165
26756
23912
19863
19494
28686
16073
6066
8285
25628
30669
30557
630
22209
71
15086
9728
4520
3659
18173
2248
22707
24128
3617
7061
16353
16693
13819
25365
6261
25977
3446
9496
14677
3429
14412
30204
9904
10365
13261
14952
23779
696
6364
28990
17054
32283
16186
22986
1602
2700
9735
19008
27278
20454
17797
19045
18043
15945
11808
18060
15460
30900
6315
28356
27754
19925
19437
5712
9751
13087
31580
10071
23874
30238
808
32477
26162
6151
9595
17650
15622
1940
11520
5417
23635
11534
6306
2892
26384
31915
13462
2126
10671
795
17563
17281
13965
8286
9088
31753
8588
25816
31719
24209
7934
17575
32330
29501
2502
5428
14395
10207
5305
2312
28912
19053
11083
7650
12030
1971
17767
12550
19301
16965
12958
11735
13773
21944
8324
2728
19983
6673
24663
2000
30455
15230
12258
25852
17993
14916
2465
202
30209
9977
16422
5779
31455
28403
26811
3719
25635
19712
22857
5120
26774
12887
15737
26128
17609
15311
1816
5724
20129
1871
15808
10798
25107
32134
29109
20933
2861
25564
22029
10736
4438
19112
17940
15323
18390
11171
14830
12072
18329
19613
28286
25153
30255
14958
17543
23789
32280
28720
6929
20770
7231
32427
10511
7707
26308
18449
6718
2473
28926
9196
29520
9166
28865
32596
330
2184
18652
19813
22571
29675
7398
23536
9422
23666
21051
24689
22033
1943
8769
20801
24887
19617
8688
24333
9611
31166
25233
8839
13126
3921
4037
21083
31155
17805
11978
5477
8337
4163
25338
17697
4281
5368
23444
13411
28673
18235
20159
20040
5215
7990
9676
8556
12882
7810
16060
11101
19069
5952
26370
30800
6805
26981
29578
27411
5502
10837
6649
16707
9905
27316
28471
10175
17633
3704
12075
29532
6110
27459
12741
20955
13753
8433
12610
1816
15145
24684
17835
2691
17197
5320
14751
6356
499
8844
7251
3579
1785
12621
13527
6998
27250
13186
15003
11815
27115
8339
30513
6725
14382
5427
13652
23826
1127
19952
8490
3244
31877
12296
32198
18280
20195
21631
21489
14204
28456
18798
32298
32507
8812
32158
13803
8199
5788
2645
1582
13634
2335
20336
18224
3717
16569
5554
1909
1493
24240
11100
1548
8338
19246
12030
8724
20722
16615
31884
25471
27566
15355
28852
278
9723
20510
30319
1981
12220
10742
4823
1785
15862
16324
25400
26287
6532
30023
16745
18991
1548
14046
605
9328
5425
20460
757
24989
14858
128
30488
18897
12499
5686
12038
288
3811
3160
18153
18646
3806
30537
29870
26115
27948
16164
26642
20791
26794
28064
28928
5002
15263
4919
24602
29919
8433
1927
21910
24426
14745
2296
29259
7280
26196
32671
7947
20046
27035
26466
24116
19389
26070
9565
23426
16468
3021
19589
11815
13903
3423
5515
286
28046
10358
3588
5564
9185
24122
17094
21640
12930
10885
27029
24652
9443
20375
19967
24428
11434
2572
1412
28535
5882
16651
12026
30460
9973
1727
16688
18847
31103
32011
11474
21099
22084
29305
21900
14442
4604
19316
9842
12659
26094
3000
17824
30532
24754
5126
11037
4817
21564
26652
7942
29147
25878
4324
25320
31427
7917
28396
2669
4769
12879
4374
18235
18833
16307
25489
11289
8525
21434
19207
11091
8705
30900
24
21600
12634
358
16136
5315
24544
28939
8116
47
8327
9368
10699
25582
7808
8516
31034
10628
9557
11336
1768
19599
20277
4067
27044
26609
28045
12706
9052
7729
24536
24030
20111
24863
19639
27782
16388
23735
28996
8991
28861
2376
31395
30728
17447
10454
7643
6915
32403
13244
25060
26353
32745
30869
20482
8413
5787
29533
32337
10300
32473
8148
10400
31859
25092
19235
19330
15258
27236
10434
30115
32384
16157
11929
17241
13807
31839
31846
14459
27953
31710
21086
27766
5586
386
23319
15517
16552
8287
19621
30913
26641
27623
9476
15874
12156
18782
1462
29668
15403
30095
29356
8102
2871
4798
30826
463
26836
21213
32103
12809
27862
4611
17074
11570
8308
29977
22491
2481
12620
24791
1553
17926
21928
23791
30344
26021
17920
14215
6174
20485
28608
31981
2109
9716
17738
6022
771
301
20287
11272
7840
21036
25339
1513
22016
20545
8798
10264
9899
12260
10450
21994
17897
4936
2441
10327
12585
26931
775
870
7587
11788
3041
32742
2877
17206
7364
7519
32427
20636
23480
20552
9947
25741
3238
16506
29072
17867
27416
19429
21325
11230
20801
8578
18036
20910
20541
2184
17839
5713
7578
10211
17807
8226
31254
25058
29043
13843
30122
6192
12204
17220
13512
27653
12510
14548
6882
20125
3753
16887
32299
30186
15753
32328
18593
2438
22011
13921
10827
7147
30946
16041
16575
17382
21288
31854
22504
27209
1192
16692
10246
8161
28236
28748
13558
4007
11122
8872
12980
24890
14997
15597
4894
8077
6441
11210
8443
30685
22214
14985
19515
25831
25481
14307
2944
6743
7608
23833
30430
17539
25252
11072
32735
28761
9940
13020
27339
12182
22879
31153
27942
19770
5786
29398
5497
9784
28147
15627
24662
31345
16157
6988
7830
18915
29294
23463
4325
4638
4229
8266
23681
32760
32047
16096
15678
27010
22924
10782
6350
9275
20845
6552
22335
2947
22529
25562
9413
19282
6065
16052
186
17193
6472
22997
15843
5449
26199
1947
22517
13860
10968
26666
16983
4113
6673
19132
5162
3907
6843
14648
13703
10748
32356
25093
29191
14590
18450
21536
5257
13379
17961
16748
28719
10221
910
15178
31402
30080
21517
7530
23480
13647
32760
6881
5610
19508
21265
8571
11435
2436
4778
1874
27518
24898
7947
13983
12935
5779
17428
19409
27725
27250
32036
23004
4286
8869
12345
18644
22900
31984
9304
698
2870
25224
14127
25238
30914
28618
5625
6597
8905
9261
32162
32661
6460
20086
17963
32527
454
2347
15697
5908
26522
23369
5225
8364
14446
20793
25999
20378
4807
8705
5119
8500
18808
13496
3011
11633
16485
6716
9359
3652
1677
20263
11241
20776
20808
23038
23180
9980
15564
6572
14607
17938
30198
22575
14274
12931
12616
30098
32217
24773
4910
16155
13260
26239
28037
18117
19709
11675
30301
20208
5276
23965
23550
7768
455
28468
23082
20548
5878
7695
13474
29952
20631
11506
15084
5772
26357
12297
14674
30102
26462
20860
31534
4774
26757
17475
16997
22425
24101
22844
22578
30032
20455
27259
6949
18857
30598
4321
11883
25006
2609
22512
11855
27661
12593
25565
3585
12233
30155
15847
662
23342
9320
15080
8017
16138
27379
12330
1825
18970
13955
27259
22378
22723
5178
7044
12296
11522
6509
12630
31890
8870
5892
19526
25307
29629
7204
18171
31423
8524
3084
1221
13084
21571
19261
31280
2078
19119
18398
9178
28352
9522
24926
24449
6543
10416
29531
23392
31409
18508
1987
4028
10023
2963
29753
30394
32591
9462
26298
30323
16557
19582
9600
12618
25834
12987
1574
12414
29213
8190
24590
7419
8266
5064
32256
31350
30760
30849
21267
6328
20264
16237
30417
12090
17586
30941
11414
22259
9394
15522
31289
22126
21331
30407
4590
29727
9738
27776
4971
17143
19927
3421
26698
7478
14024
25795
16303
16769
190
16285
27946
17972
30067
23119
11999
22265
8124
10987
7908
28826
26636
7080
21482
3859
23098
18832
29984
492
30852
7032
17748
23237
16339
17717
26971
10803
16705
2829
28084
32458
29912
22892
20328
23163
10652
1240
3124
4641
14028
17959
32234
19286
21094
18160
1301
3211
12521
21055
18140
4952
21086
32141
553
25872
8345
24047
16394
19865
17085
7565
25431
16506
18942
1366
23445
20534
7083
20210
32538
12249
15467
21240
20594
29392
24775
26466
13058
32509
26344
574
21227
25867
7586
29862
17457
4863
31922
20977
7453
5392
12868
22315
4063
22713
10681
26307
18296
9740
28582
27780
3031
17225
5920
15814
28994
30383
1079
18918
5880
23186
16320
12019
14613
14254
14424
1706
6581
22971
5285
32677
1372
4674
31455
5839
30358
23982
29071
1307
7386
24230
15767
13686
19124
9114
24947
22266
3876
27292
8638
24420
32321
22386
13048
4552
27937
20457
29830
23939
9469
29292
23802
10610
20881
23252
31637
24417
11970
10626
13066
19398
14723
171
4485
9648
26617
27636
27116
21242
11485
26175
4709
15556
18979
29124
27672
18467
14041
30307
6198
18200
7249
23096
32314
30143
11906
2161
1903
22473
25516
23132
13234
2604
20283
5828
27513
23833
9198
31614
13076
18991
8504
1343
9011
6894
28647
27057
19113
21358
12803
30661
23919
13649
18937
21066
21740
28406
7416
14527
25971
19183
21660
21093
27918
29622
25546
12185
16250
8091
21211
30049
29554
14593
5884
26437
5425
22218
30932
17248
25138
6416
20072
9398
29242
15894
3132
24520
29080
894
29115
3430
20651
10172
21721
14277
3238
8138
20727
24017
30096
21789
23815
16580
5519
32729
3312
12280
7525
28993
564
18169
31291
25201
20432
20959
30878
6991
21860
19419
6343
1471
21907
11279
30751
278
19373
29859
29698
2514
17547
14357
27075
2440
16059
2256
14321
25373
21982
1793
25817
3897
15693
166
3660
23801
19971
22503
1699
10980
11191
9130
17151
11297
17736
15970
32470
3559
13406
14119
14507
4404
16463
22796
27676
27842
2111
15533
11554
2871
6284
6151
2197
31131
28521
16525
19950
6672
13512
4984
9809
28349
10622
14430
7371
4364
4513
29190
31704
10517
7733
29051
9256
31066
6664
24415
16546
21172
24027
3970
31658
1165
20418
4787
6559
7504
29134
6870
7336
3870
17384
25911
21937
3267
32000
7966
1712
13032
24424
30884
31277
20873
11386
22980
13313
27050
31617
28085
8030
13126
30679
30839
24079
16265
19018
10925
7425
2879
12740
26538
4611
5515
3884
12750
1738
20188
26759
12563
5432
29725
10083
2019
30942
10796
5749
27181
6591
28046
25217
10935
13398
10849
8826
12982
17115
4241
10987
6044
3011
30799
12437
17201
31110
27327
32345
25061
8100
8945
16985
2916
4330
6931
13915
22892
27377
31205
10094
24795
15081
29805
8399
16653
8084
30699
15885
15716
19605
12303
26732
5416
21227
15722
903
3474
21177
12323
19770
25123
31304
6891
29887
3898
30286
21042
11543
10982
14193
11163
16044
16377
12551
20910
23604
24414
29984
32718
16088
23468
20934
14954
19862
25338
21379
22391
21476
27382
20772
27421
2966
9009
25789
27824
32257
25021
30189
10211
97
15866
14691
20024
20344
19885
18849
15547
3704
14418
15616
18928
11555
5300
23797
12298
31025
17594
25234
26461
24306
17284
23632
1302
7476
6582
8459
29226
28775
27668
29774
3724
30975
22608
16337
5283
24858
5151
1600
20731
1379
658
29502
571
9526
13220
11434
30039
24069
528
18721
12806
30202
17253
4036
19319
14813
15963
25915
10559
29241
23400
2554
23703
13242
17295
3522
21956
3802
24953
7275
3542
25276
30918
2018
30869
22360
18341
13166
21177
17113
26274
17463
8281
32323
23232
15112
28582
27993
3528
23380
13273
15806
8416
887
19562
8538
19807
23103
3203
2047
18400
30123
22196
7245
22934
24306
8424
2003
9183
6087
29848
17014
16923
1244
16190
28951
15806
24997
1805
6000
2212
8542
22495
8511
29093
24911
31855
1703
18282
20559
22472
4051
7550
12167
29437
31708
26536
20600
4891
3821
24441
13376
27484
19365
26657
12312
16285
23484
25735
15138
2834
27626
13208
18786
32569
32516
18142
22537
28428
31849
1877
3834
31355
32156
31867
7047
3609
7986
27047
10363
2838
22767
21915
5982
11117
8492
12380
24308
30302
24443
2882
13063
22815
29326
5963
22886
14287
19797
23988
20526
2731
28519
26315
10568
23428
15523
17151
16179
14193
30743
10809
9988
26817
26145
9583
939
3379
22995
30326
7799
23658
12700
12823
26845
12955
1829
16486
19317
13193
5754
14159
26181
6579
8298
17266
9794
1483
19504
4913
21524
25195
19539
30726
26
12292
19146
12826
28590
19735
24676
6676
28586
3751
7015
7471
12330
15598
22903
16272
3476
18511
30906
6358
27350
19084
9274
32498
239
10297
16267
21305
18353
26224
13741
9655
23493
2247
12083
8903
1519
2943
29605
32481
18323
19966
31268
21682
4217
383
27980
10610
461
28681
9823
2930
25194
12189
25503
32500
10328
5556
15867
11584
15250
32489
8686
2548
22029
16114
20389
25244
9463
19668
9824
3202
3900
32599
16154
9416
17743
28088
6764
5811
32295
18591
26031
23626
1416
16208
7009
11552
32643
17701
713
3950
1344
19260
21214
32612
32507
17005
31846
8385
24397
31103
24411
11938
9133
11163
28562
7575
15926
21248
3231
9212
19627
5113
4339
7303
16568
21516
23623
30493
23930
20853
23870
11242
11842
20179
24133
25776
23190
10016
6590
20575
31609
24038
22879
21735
21997
32688
9428
4938
7861
26303
17324
29173
11103
14335
5746
8528
13442
11322
2842
20116
3397
31114
12448
30941
29728
28948
11755
7296
24807
9459
8183
10398
29700
10867
9011
29433
27395
19584
3112
7687
15957
16990
4956
9541
19533
16026
30838
974
13679
27200
24738
10540
19946
8270
29751
12398
18531
32105
32664
3450
32244
6095
7000
9381
30581
29581
8097
129
7162
1778
26326
6646
10396
25411
9079
26261
21885
21936
19781
8488
19462
5255
27047
142
21107
19624
13133
20678
20626
9017
25875
8777
4551
32666
11304
925
26708
12699
1391
31015
5591
18413
2597
10049
7444
10967
28613
25228
24821
20266
16168
6791
13519
5495
1777
21089
16871
10623
3368
7180
26165
30187
17445
18835
28776
62
1712
18605
23850
16647
24422
23698
31140
19547
24415
10765
3909
24194
18445
18899
31935
8433
3175
21779
24659
15224
27975
8270
14159
1469
13585
6249
5845
27881
22166
30209
25053
24993
29496
15102
8317
25144
3150
11883
23657
29987
25546
19077
9910
10157
20505
20753
10979
25836
1866
31219
29465
14579
9587
28669
16818
21577
29264
4101
9209
25498
10798
7738
8752
4013
19975
26040
12504
14742
16111
30297
18220
18221
10414
29902
16111
5054
32687
12527
24935
22786
5657
30288
17834
9294
3131
19221
25624
11275
8237
4359
809
6502
8372
15591
24937
6728
1895
6146
16576
20361
32272
16389
14071
27489
21333
22803
26488
5151
8856
9749
2645
24349
13083
31569
25740
30707
21096
16191
5514
18411
11760
28055
24045
12725
28658
20655
17294
13660
9118
25860
14015
4217
9339
6934
7377
11943
7430
27514
25562
32310
22684
28970
948
32036
27801
32287
4169
4680
31938
24098
16654
1745
7904
15327
4558
13295
8622
23611
24745
14544
15093
9191
11612
19662
24822
6965
24003
487
21256
25643
11164
2925
5506
22231
8077
23806
25819
14305
15721
13751
25616
15719
17839
27557
2630
22020
12371
2940
5041
26162
17601
8332
31156
28627
29472
14576
13898
22538
21203
31241
22180
16207
27206
22827
8468
8131
9191
19605
21033
9664
5234
2215
13596
30389
30322
7503
7018
23089
32517
1989
30659
31037
28639
3192
8227
10223
2705
27976
31551
27964
18699
20469
7458
15630
32608
26839
5912
6294
19146
15824
32459
2276
29166
5504
28844
10165
6753
26295
4500
10892
30570
23600
21419
9220
22026
16508
650
28516
10809
26172
23196
31348
371
24723
12234
24975
32371
8155
26455
4602
16959
18071
18696
26228
26212
19113
27529
29198
27779
14022
16396
27965
18188
8230
307
31022
24394
9344
2352
11609
15520
1077
21291
9049
12562
11468
11235
29947
12038
18334
21913
24725
11340
8402
9002
1945
13917
31372
20091
31593
7136
8290
3609
3181
20339
20240
11809
3940
26535
17516
12382
3319
24652
2972
14258
3988
240
22918
17079
889
3234
3464
31141
23823
7932
10857
4983
31098
23136
23440
5705
28014
19329
23156
30469
13892
9765
18516
23614
333
16170
20520
2140
32102
26567
9431
12026
27340
3605
12202
14732
23858
18126
769
16197
25617
9300
25925
13368
3392
32501
2077
5053
30148
4717
16357
2582
23785
5292
20316
24914
28050
10714
7068
13682
12749
22937
23632
13259
25770
27018
7201
27051
5710
16658
7537
26175
22083
14942
30540
13236
22546
1188
32411
27549
17940
31660
20379
27285
13957
6288
2958
26405
30426
24512
7857
28648
8532
28744
8813
5356
12502
6230
12241
16476
1780
4854
13888
604
6220
21281
10855
21557
13081
32758
8562
5810
5125
1607
11392
20426
15679
25431
2132
27518
17358
3298
30029
1029
1829
6750
19352
29991
1783
4993
8100
16103
19276
2051
2774
31588
4821
21669
27775
27649
15228
14706
14091
25028
6464
9541
7547
1276
12096
23179
13589
16423
32533
20810
24409
21010
25189
31331
4152
19266
8885
18452
17537
31379
17279
8128
15516
3359
12933
6387
20346
25953
21092
11681
27084
28059
4972
16302
3443
26996
3759
6067
25912
2790
22360
16640
16574
20055
30271
26333
3252
25094
17338
5910
6991
7337
5045
3510
20728
18261
26629
28178
2370
16029
7417
3337
18462
12030
17458
12427
2898
28795
8629
26712
20519
17796
32575
25610
8546
284
18905
27222
16758
22587
11691
21903
17656
25201
9237
14699
12627
3533
10236
5642
29629
2557
1122
15412
17514
28342
28986
18147
18943
8535
29306
19969
4425
15817
11633
13938
11567
1705
10331
17237
4837
8361
10291
19591
1635
7475
8392
15977
11030
6224
27411
18148
3285
28105
13768
21418
13590
18828
25643
17854
8290
5968
20261
32310
10246
5500
7319
10304
13324
3909
8430
25699
18793
535
32504
14599
18552
12855
31222
27704
28583
29350
11762
10919
30321
9288
8786
8177
21644
12357
27310
25636
2403
432
18911
25216
30662
16999
2904
7546
10720
24378
1722
29703
4458
5967
418
19478
6175
6852
25541
18014
5232
31895
28992
24411
30328
31683
32553
8595
16690
26540
22122
19742
9194
9149
14543
6245
18417
3664
15453
28202
9877
20174
28902
19657
31568
20247
986
10941
9792
25636
22112
1125
4823
27115
14757
30472
30420
22146
17780
3352
32114
2184
32008
8115
13023
21697
13854
29039
17391
5888
30286
26199
26130
19018
15002
32049
31620
27704
23880
28163
18371
12189
3565
4565
18502
17001
4043
30647
1388
10957
12892
19206
28595
32672
14383
28396
7466
2
8179
29478
31529
20031
978
17930
18495
20982
768
18376
27244
1402
27027
8944
30096
12920
2709
3636
30244
25050
87
23408
21544
748
18185
30695
25180
3517
25992
16847
28083
9417
6263
22289
24837
31188
13201
16714
20740
31257
11581
8981
1137
1444
2147
19084
19600
13821
4223
19724
16857
30726
7156
4153
14576
32038
18594
25666
983
18343
26298
4967
21347
22109
1489
2744
19692
13193
22580
31
10313
27388
24700
14752
27131
11136
7522
23008
3497
6003
10196
21988
13517
2229
30536
30748
11692
19397
16464
5280
26251
5670
8558
21177
8480
15368
4650
12195
31303
26916
18531
7825
6646
24808
2019
27122
8051
2516
4150
14835
7620
18468
7355
25669
15464
27567
11003
26912
20548
13583
31546
16776
224
13826
32588
25295
19923
4368
11178
7003
2172
23662
24261
11433
5619
11299
21146
18066
3391
1897
19591
18381
1482
19798
32605
26550
10770
19643
21430
11597
25248
4941
2697
22402
11582
14338
28155
6832
29797
9406
1144
22375
31477
9007
31235
11886
12328
12533
13258
5640
32713
24327
16894
21623
29345
16466
9185
959
13107
11171
4641
684
19113
21702
17252
30486
10765
240
24356
17764
21436
23130
4797
8527
14616
10031
31940
7145
8318
26536
25243
21213
10104
8053
25666
9464
13619
20064
8816
4072
28979
23597
2787
6980
4677
31684
16116
29901
6581
18834
18542
8692
20162
10540
4256
27292
3663
9781
19889
24864
17115
23683
23092
11160
6323
11133
11004
29272
16998
14535
22322
6074
24954
1570
26276
7454
26461
7821
23136
22830
670
7856
9090
25447
27741
7291
31818
22741
10753
12811
22386
24093
5929
12237
22974
705
19428
14821
4564
27040
13092
21713
25166
23228
25968
9545
21006
8768
7130
26474
14033
24770
20273
24852
28167
12485
22391
21393
6115
17794
8085
12407
2222
26344
16718
5583
25696
28385
7538
21878
6257
11223
17492
3012
10221
19575
17021
2412
32199
14516
9634
5283
14703
31759
19924
17797
10662
9494
24311
436
27026
15915
26229
23362
21517
17287
2356
22225
16707
14975
19909
23800
17020
19973
22238
23273
20534
5233
8714
22097
7799
25218
7839
30848
2913
20383
12528
21706
23559
20323
30149
28205
15231
1113
23048
16436
12345
12292
23233
20250
31630
25635
325
819
6044
22834
28585
21384
18258
3636
4477
961
27847
5552
17591
31049
6608
13306
3822
27564
3793
12979
13001
29764
7123
3475
14774
16660
6103
23654
17887
28404
25194
7765
16474
20207
9082
19047
14239
6889
15720
18760
576
23940
9566
15432
31188
4421
5603
13734
25140
15091
20397
17935
20715
832
23734
866
10471
5036
2450
27830
32373
15013
2303
20382
30572
6899
30142
4780
31655
27219
9889
2355
18873
866
2278
13393
17373
20157
29891
5421
2348
18279
12354
29822
12051
7787
5199
17229
12035
16834
2063
30971
23658
19062
18036
4741
30435
5640
8719
5895
11433
3856
15141
17791
8530
26915
23556
20436
19642
21497
28567
18199
17981
27087
17977
7432
20521
23819
7367
24284
14194
10527
6649
3389
23464
19119
13810
13715
29479
17142
16405
12418
24462
27238
30491
10675
9842
22158
26466
21720
25171
22337
904
29674
16334
20213
11065
4789
23317
27241
5189
7063
4509
31627
18934
10629
7190
31640
13984
15182
1184
30853
27513
11300
19772
29086
6827
5464
23168
26477
30632
32101
30352
8925
29118
30768
73
30623
31979
7310
6847
1485
23794
29447
28906
16077
9902
16858
24988
12665
27559
23104
10166
24956
17379
19189
21148
11775
10751
7157
8934
2950
23934
30595
8025
5396
16224
25712
30229
14486
23798
30106
32271
638
7414
4787
27842
19631
17099
15940
5154
21657
15406
31985
15570
31909
27898
16894
28822
15571
27964
1298
18699
1697
28042
25915
5782
8240
13719
32051
29594
15010
28932
19682
6126
18374
15992
23587
142
21239
13554
31435
16272
24897
21342
16872
2138
7366
3687
14918
19475
20320
28813
19512
31319
28808
119
23700
14895
19063
24970
15104
12096
31370
25274
17772
8002
20715
28576
25824
2996
21358
6093
18296
5070
26553
8287
31661
12984
26792
21458
20693
11769
10992
1048
8429
18482
13570
29419
26519
3084
11826
5218
19039
17263
18712
24514
30274
28405
11574
8855
30321
20894
9180
2564
26706
25797
3145
22104
12488
18514
23315
27873
5812
818
10441
15365
26300
10244
5078
9614
1099
12821
31144
25414
3032
11919
19218
6596
27244
1517
32751
3461
3678
31154
28169
11839
5473
10843
1849
27761
7106
14738
17103
3391
4330
23716
13875
28797
13610
29493
8397
32010
9400
30259
28451
10079
5108
21256
31041
18023
8432
1812
94
10898
24112
3930
12220
11045
31406
121
9424
7636
11041
23263
17059
27794
14463
28473
21624
15784
22465
26413
17327
25092
12006
17996
25833
32212
11066
30530
8301
8020
3288
14672
31179
14308
19310
509
15039
11102
14400
9992
17751
27046
368
25760
20824
18051
31356
5079
6367
941
19976
9557
14404
16679
31966
13385
17731
18382
20019
17830
24926
25139
5420
1931
19325
14246
28576
9474
13528
23955
25120
494
23830
4882
30004
29503
14774
23225
14312
18280
11439
26292
19335
13075
3667
2840
23719
30227
3705
10869
11621
19610
12507
20651
5362
172
26813
28670
6223
12243
6096
29804
84
6421
29781
8509
4343
1827
6789
27869
17867
10963
19761
20199
14279
31184
10662
13442
4169
26000
21203
3824
11610
32391
22446
12388
23348
22427
22739
27412
18178
15831
12654
9872
3814
6243
10076
24402
4928
1204
26253
17558
27950
768
19373
26732
11855
18165
16899
13835
19917
170
14489
8808
26266
12758
29341
19207
11001
25408
14087
30481
12609
20086
9084
11944
32221
20418
9842
23671
28312
13402
25750
11661
27416
14551
3434
9067
32423
19432
25395
3163
16186
26952
31250
22020
9643
8429
29297
28220
15178
7811
12960
9757
16532
17688
25536
19291
12610
13081
13793
27604
18822
17021
12135
30569
28817
22848
2994
13325
11352
7699
27902
14363
664
25938
25991
24301
27415
27190
7153
27562
14126
10316
3816
20063
4740
26917
15364
16210
284
23119
11759
9363
32402
16261
13769
30163
8865
5411
21451
4729
28393
14045
4907
15859
10735
24239
23872
13898
27494
4119
2023
6394
15789
17283
8997
2560
30872
26117
18958
20788
14707
334
31461
25049
7236
8154
14980
115
6737
16744
1790
31448
12770
29613
23940
9866
15176
25417
22405
6468
3870
30970
8985
20435
25039
22288
23200
14119
30809
19233
32678
19370
6736
2045
7435
17105
25893
15332
21600
29424
25768
22263
23187
27986
5324
5613
10191
32393
12458
9479
24222
2307
29385
28486
11857
28126
10909
28123
13473
30717
19277
3039
8854
32092
22458
29252
10408
10912
20412
20492
28197
11507
686
29368
6098
11790
27438
17156
8661
22167
30750
31185
4306
19118
26350
8547
15957
21699
4894
14028
17520
12970
24318
32680
19621
14577
6585
26635
17925
16497
1681
31928
18074
4643
26988
21908
7171
17717
15504
1114
20318
17245
29611
23439
8299
26478
28694
8633
15341
27177
2650
1228
12628
4437
21748
25061
27546
21778
31829
13626
12651
28522
26669
18001
28808
2601
489
25713
22637
32494
17530
18263
2098
23939
31065
26665
21423
11370
18120
26288
25571
6072
29530
20161
13975
551
693
20988
16702
11366
3991
18874
15136
26291
1815
5440
21175
172
10542
10297
21081
27490
29301
23907
30744
16816
21296
24968
1255
10955
22412
19120
18174
19225
9509
12181
9087
14151
29131
21335
25433
7574
22406
14705
18284
6517
10711
13804
10223
25941
12353
19922
8975
24249
27144
31718
7897
4236
16185
11666
8794
14264
17130
3105
18949
30196
27331
26158
23381
9949
24510
19804
15283
2889
19498
15432
20121
16088
19190
22716
32504
11212
23596
9766
30679
28954
700
15432
20541
28352
28539
22064
11858
27738
23915
19819
9665
3568
829
21878
21856
2835
15892
2933
2067
23592
22924
11815
23790
20995
6395
4634
15001
19384
26103
9755
4601
32429
18456
7153
13324
1268
2558
2379
16149
9688
12182
5366
26362
3254
8602
1107
7402
25103
12887
15625
23106
31450
24499
3831
4786
4639
30318
23149
4508
16577
31400
26267
18108
10140
31140
31817
17934
32719
10443
6345
32492
1371
30196
19754
28279
28654
27874
7599
20793
28153
5646
30079
6153
22024
12967
670
9262
595
31192
3612
3783
2704
15177
9357
32618
20492
2792
8889
22027
4090
23017
31380
11295
28683
8459
17520
28930
14655
30
28785
9622
13562
30402
11329
31534
24666
6769
20742
22954
27080
28096
28049
4323
11469
15585
16600
14665
8231
9069
14503
1994
27165
8032
18578
6390
3855
21862
11566
30561
28241
27221
28545
24905
314
5626
15542
4473
4215
21272
26133
3949
21413
20654
7475
19127
12064
2169
16486
1442
1045
7866
19324
21268
18143
28473
16557
11193
20368
27530
7629
24157
6349
11919
12743
24474
24800
26942
26182
15540
24840
3236
20917
13761
3859
21802
9578
17165
7471
6936
19486
2492
11262
3159
19617
945
25320
13179
17611
24239
25269
28673
4278
22206
18011
17364
29226
4049
9748
6678
19545
12965
20660
27422
18381
20716
12090
25021
29342
21675
1701
26054
12520
32481
3081
12237
4476
14697
32481
18990
23254
16417
15783
9042
25680
25932
2210
5421
3989
30005
26368
1547
30295
32022
25124
1677
8261
31031
2881
4334
21815
11866
32552
19851
24492
12887
23646
163
21367
26628
24434
1371
11445
29271
6541
31237
23298
25295
30027
417
3309
9999
32201
16036
20393
31181
7168
27385
22277
23274
15953
12614
413
21218
7776
11120
27986
1383
6438
10849
12281
22345
19778
11017
2128
11161
29584
7330
6966
31758
9725
23609
4379
20647
2202
2410
10165
23186
2287
6251
3060
13901
10129
17740
4153
6411
32759
19580
4803
27993
649
3216
10345
8961
5370
30016
24463
13871
3288
26546
12115
12754
14433
27644
26375
12613
27033
24548
12772
9519
14233
745
764
24488
27178
904
32113
11165
17298
29112
11493
29557
7342
15031
8753
15092
1857
4616
18522
28768
27276
27581
1473
22755
19999
27634
32153
7217
18158
28570
1438
13162
15015
4734
9220
16194
27971
22146
10670
2399
3292
20522
15521
13571
12222
31838
26296
25322
30912
9066
31897
19574
21973
27977
28903
6665
3294
2851
26554
30898
2754
6676
7756
13069
10433
9007
31477
20836
23557
23747
22873
1306
890
4316
26336
25418
18400
19725
9062
12971
16927
16237
23092
20663
23514
25824
10031
29196
7750
27800
23632
16914
25405
29915
23380
9694
7310
1286
14261
9814
9624
26834
13528
17814
21271
20694
29832
17299
13629
23629
27043
5630
16389
28698
25363
5996
19908
32521
17152
12723
12288
10072
13892
1943
17030
18806
32
24998
13495
31754
11821
25184
32035
311
18581
17819
11097
8478
21122
12070
3068
3493
11991
19629
21274
13175
15647
20188
16570
7245
17090
32199
29620
18027
29823
27786
24262
5485
13334
4140
5091
16451
22085
15818
22990
24699
1270
21489
16360
1726
4535
4939
9287
30878
19562
27262
24583
31631
12862
14673
3557
20786
2270
20241
7945
18650
14824
10291
12836
2633
672
12090
24763
32186
19430
1243
30403
29989
15973
4959
18541
31422
26382
29002
6723
26814
32709
22330
20340
11879
12377
11537
21100
26178
23482
29270
27560
8620
19814
1497
31433
3472
23333
4246
17895
21622
20214
6108
21287
25021
11593
31407
144
27172
11118
24170
19994
23952
27214
20137
3592
9737
18777
5221
28536
22533
26047
2145
5945
14313
6627
25797
15068
14541
4365
23049
29198
22655
17246
27413
12837
31947
28170
21671
10232
13818
23489
1012
25588
2713
4462
24722
3180
12412
13092
28053
2609
22274
13653
1529
25443
26265
11846
14400
14470
22917
23487
1371
6104
4574
12551
1742
6882
20696
272
16400
590
13128
6382
7984
17400
22371
24205
28862
16200
4040
18340
19177
3006
18369
15589
13285
5582
31941
15735
1936
32239
28994
22181
24660
28143
31898
17368
1871
22665
7275
19138
12209
22329
11028
10205
358
6735
24437
7956
14070
8003
31222
1215
21161
8520
17098
21205
12014
30755
15733
7773
28157
22846
13707
294
3260
12024
2235
19384
7391
31296
21005
5002
27220
29282
23144
29046
4062
22304
29271
1129
16128
10501
6412
3167
16156
15350
5286
12687
26588
22538
24495
19426
6865
23708
4073
16042
90
6558
6730
15505
3016
21295
6213
1999
2751
9072
29259
673
17375
11924
5010
9206
26788
23863
2837
9323
24203
4337
15836
30585
9079
1834
3709
25837
20818
24112
7651
22169
1271
28806
2382
11850
11344
31360
18843
14330
32699
15884
6086
3142
10931
6355
31405
30498
26540
16513
25110
14027
4926
6496
29428
9981
31366
23340
26854
11367
26826
30755
12545
29788
14427
31323
8655
23755
27328
19288
29847
6257
3088
6622
25567
25421
26016
20996
4912
23380
17374
23434
9241
20839
21373
4716
7286
9858
22995
11703
499
2358
19583
2204
20171
10073
3150
451
9174
10236
18272
25826
23490
413
18054
4749
25504
158
10735
23120
31907
4598
22788
15099
19237
9767
10640
32061
22251
16496
548
23668
24746
1603
31674
12740
12490
25337
18072
21862
17257
5061
22135
10819
30115
12262
6629
1986
6161
289
16616
30174
2703
16495
22244
28539
17731
2803
13246
7930
29403
9006
2114
18699
21
21110
2498
22978
17541
32420
256
18414
10387
18446
16463
17062
27843
17333
17652
23844
30265
9663
2002
11479
17532
28711
16711
3507
29818
31155
9297
204
29900
24870
21749
22819
20284
16567
7649
10943
11140
13763
10576
12288
28505
4287
16686
6449
8104
16752
23164
31324
26400
21342
28663
19298
26096
3718
28660
11850
11986
4175
16783
28634
5448
28863
9476
30308
12581
18415
29533
4835
15184
10172
334
26695
10181
24000
10589
23820
8412
4481
16709
19217
18382
4839
32413
25000
24181
27892
3765
28137
15955
4271
26049
32077
16598
11361
2361
3704
31962
772
22911
17493
32112
22521
7875
20328
21982
17145
23844
352
14055
78
13335
16108
26956
4419
19725
17360
20882
16601
7504
27960
24838
24763
32558
32332
6143
21108
26202
4868
32099
12512
13199
13630
12140
11744
27510
18446
29100
30802
21706
15701
23631
15937
16826
18837
4257
8024
2191
2563
5840
9117
28558
20702
18674
2652
4128
3072
28489
1376
30000
31155
29126
13417
30933
8133
17101
29915
9521
14559
26424
22964
7321
3090
16286
24512
19701
25267
30421
12816
29290
4201
14773
4776
11575
16772
7199
15224
11997
912
20286
19342
17027
15402
3341
5257
13464
531
23834
23633
23994
3203
5769
26373
21719
11456
17243
23861
3218
1518
18673
25170
24552
30505
31179
28514
21011
27601
29846
17912
1454
1573
29798
3940
12059
22548
30272
31783
1570
7759
22491
30634
31450
12707
21415
17455
12749
8838
32271
4871
2903
13040
10235
27909
14927
8812
19098
32564
11753
110
24670
8133
21211
30951
20296
8011
28607
20247
18533
14891
8377
31394
16537
15949
13913
6887
26267
14616
31683
13453
14913
16798
10253
27998
10494
13075
32488
14937
21417
27524
25731
13314
24959
25285
26796
1277
1132
11692
3385
9947
4742
16764
19366
24884
22746
2980
7679
16118
2924
12714
3840
28156
30329
3426
5500
15587
21759
14691
16123
11033
28800
16827
28071
16182
28162
19682
11625
6032
27738
20717
25679
26889
22442
10500
25137
24620
5673
7958
5012
6265
29218
15819
23502
7676
25920
32443
23147
11557
10504
10461
8144
9427
12455
29506
5406
24242
28654
16387
7001
25031
5019
888
9674
9033
3802
11178
21409
18867
8715
7179
19679
9751
16070
4453
26227
22453
27932
529
20899
19916
5664
20073
23214
7088
22439
21887
31408
21277
17739
16912
16581
22731
15030
9139
22129
26434
8989
10326
9024
13296
23050
2539
21417
27257
2399
1119
18232
29262
10392
26572
10733
12929
336
6895
15583
18392
23814
8668
4644
24864
16418
31984
16373
13763
22067
29704
20238
19101
29563
8688
26708
30988
20397
21535
1466
27718
24053
4769
10853
2288
26169
25684
26127
29420
17311
9047
10153
9586
27727
30144
9028
20834
9850
16013
20273
30168
3739
6878
15463
26369
21244
16225
20006
14126
18556
18957
5338
13863
15505
23571
20546
31426
10377
4113
23761
10932
10773
8329
4181
29862
25863
21139
18902
28812
12891
30926
14529
23090
16500
8860
8006
23063
2217
19343
5118
20607
15872
7966
1745
22212
6457
9373
3351
27373
9743
26476
14589
31105
30138
28526
42
14750
23224
7612
30115
3909
4557
16795
23276
26616
31817
31148
19569
17799
20361
13667
3364
27431
24000
27322
13670
24772
23544
21543
18731
16536
18771
19147
31065
765
23447
4332
5234
15487
5353
8357
27251
566
26329
21212
10236
26707
1695
29301
27824
20216
22180
4037
8415
29005
2373
10314
20067
27344
24787
30361
199
9964
12510
32407
28847
28366
1203
10732
32371
2420
3875
2229
16398
8710
18310
2681
9783
26730
22528
17247
31949
8211
16643
4510
19064
4377
22037
14132
21390
3983
30676
15323
17459
3345
12087
11065
17861
26780
3606
855
887
28834
30957
26452
25147
19294
15837
27227
28646
14694
7411
1746
19854
26239
9645
5588
6455
15540
3514
23266
6831
28074
25858
30677
14263
9774
19174
23831
29539
8208
2249
2579
31940
1588
13775
12778
4292
24294
18404
6248
13136
28782
13825
15158
957
21476
4010
6993
12388
10822
11708
15034
19856
10184
24677
8816
5019
26987
15988
1179
18515
18641
31187
20234
22434
8784
23889
16863
24431
16709
22437
24201
12991
26283
14256
17139
6176
7660
32259
17659
18247
21494
26529
25126
27128
25746
5638
22418
9254
4593
30824
30252
26460
6792
23100
1826
5467
24863
15100
21660
13829
23332
21288
10919
17529
14660
27275
25713
22400
32317
25535
22972
10536
30701
8435
16525
16814
20143
9708
22308
18849
7912
6986
27185
18245
20701
5901
2885
19254
8904
20055
2951
20557
6442
5235
3752
21191
18786
19223
18969
25252
12927
10214
17531
13646
6227
29497
10583
31355
5320
9247
1295
30804
21368
32163
32020
13015
11127
4429
22618
8826
2931
19179
27657
15889
27648
27024
16502
23537
15405
2526
593
11862
31835
9601
5152
24322
31567
11260
21483
3623
27013
6312
26937
14471
14023
10745
12092
18650
28159
7684
3913
22640
842
6206
24459
25367
18509
5255
6647
29247
31436
2919
32642
860
8568
11159
31634
11660
11017
19651
23475
19066
909
32654
12172
9858
5120
24279
25873
31766
24604
1594
29946
15968
13938
20954
13171
30504
9914
19294
6421
15353
12904
26682
6165
32383
27520
32048
20923
15412
30122
2838
16406
20796
7561
18649
10223
29324
31305
3778
26363
4946
19831
1784
29268
14737
5398
18247
6442
1548
1007
14367
24502
29542
21544
27872
1648
4231
10264
20820
4482
14914
27994
20605
25724
6196
30240
22674
17993
24815
15562
24644
24930
10584
1464
20805
5185
17229
21340
31755
9753
28555
24723
30930
13252
26319
5429
6624
26877
32316
10474
21260
22991
27389
26688
14977
4173
26923
20475
1728
8836
18929
29357
11748
25774
11502
23686
2602
2985
26842
26988
10160
21415
26477
16718
8061
32550
30844
28342
9154
16931
24678
17310
8543
28042
9646
133
6825
28402
25065
29122
8043
30855
6619
30487
1579
25927
24797
10633
19118
11634
19329
4975
13758
32571
30073
11978
12842
20420
7861
7636
29455
30793
9164
20956
20310
13212
21917
5200
30334
4049
29750
9756
25243
10298
20725
26930
11167
15254
23532
18538
8153
29317
8330
20877
17851
27199
30072
13740
10976
22406
25538
9143
9294
21977
2359
12619
25592
14059
31250
17866
1927
26195
26074
15281
1113
13701
902
11302
5322
9217
2277
6353
2739
30666
12605
26605
11057
14874
5939
26271
30632
27732
26090
17798
2055
2362
9583
17299
23117
9824
9813
31515
15180
18912
20636
1322
11436
18512
23000
26395
27700
16113
9870
32357
69
32297
23266
24248
28071
30772
24175
22089
31369
2070
22391
3178
8898
9428
24892
28253
8541
21731
429
24170
13141
30177
8773
22831
30621
11395
4145
1336
4195
4303
18353
24783
27030
27275
3776
533
18598
4597
8951
7506
2443
18612
32431
17802
11528
7951
31078
6993
7217
14685
18276
24031
17707
2492
7325
4711
30003
20998
30426
13733
5089
513
21268
11191
9134
17878
21024
25133
11189
22725
4242
22627
28342
28694
13787
527
4960
21075
32436
14358
8656
28340
18112
11172
31317
2267
21868
3963
10614
19649
29211
27531
15670
24305
896
20163
32662
15604
15946
21288
14940
524
9991
10276
26643
25637
27458
5920
30291
32008
21999
13909
32066
13266
25354
15838
4187
23204
13946
13074
3182
21661
31291
24082
1768
22533
26556
15774
16981
8395
134
27949
19491
10034
14879
12604
10153
11975
8494
7654
10856
16790
14303
2997
28048
27549
5001
20152
30918
19073
32143
25557
2596
17792
7044
2145
8065
423
25234
28654
9459
26181
23068
3172
27795
17823
29090
7252
21376
32229
28133
29576
14375
9829
12620
12767
9665
7423
25479
23640
22812
2009
15474
3180
671
8020
30268
10657
27017
21566
10952
24924
21625
9801
8275
20726
23347
16059
18776
5651
1441
9064
31664
14639
23576
5597
8958
9850
19677
29407
29258
10470
2792
9748
22764
7038
18919
1535
16044
17657
31622
11314
19239
4495
29166
7614
15477
7947
2955
22511
4360
20258
19475
5430
2263
21507
1732
24167
16828
27439
32237
15396
29467
14987
7087
7321
3269
947
10245
16747
15644
8594
8194
18922
8823
1072
4698
11662
11208
7882
9508
15009
27772
31784
10462
27961
26530
27947
23730
12905
5712
1446
18423
27576
11586
23406
19707
18130
26053
15285
22784
15742
19923
19091
21892
20944
25472
16614
16070
23200
32661
15452
901
29755
21370
21966
4619
26967
32345
29136
13930
10317
32128
32646
11782
6274
31751
6585
5203
25638
17843
15913
3296
2594
24859
3877
20117
19531
5385
21338
29753
19932
23843
10217
13878
30243
4555
6332
29089
27514
18243
4889
8309
14969
10261
26231
10015
32106
20146
18321
6976
6141
25177
2490
26542
23358
31546
624
29116
9667
4572
19251
9147
21546
32188
21912
192
5571
18231
1433
9640
31113
20649
17967
23386
18263
6871
19491
7756
31064
10378
31520
16201
27072
17789
8462
369
2233
13433
31643
22913
11936
2239
15386
12884
24178
11942
32145
23210
3201
26501
24845
41
15724
15571
17465
23457
4429
11917
17967
29332
3892
8408
3726
4598
17621
19688
2765
26161
3709
14624
5583
21612
6987
31867
15799
30989
412
20778
7165
28540
30663
14975
29634
18218
1291
16905
2656
18899
16069
4097
28230
30464
26086
25316
8195
22735
30885
10850
20896
5622
3185
18807
12339
25862
1066
17368
27569
17645
30352
23184
28932
7871
22780
23531
2653
13494
16974
10899
22988
631
23078
16377
25102
29334
18519
11766
4518
3421
14488
25523
1071
1225
18045
14790
28144
16854
26022
2461
26033
22268
6711
21536
205
31738
5511
15250
30089
30418
2845
21688
14244
5653
20952
4926
17199
8288
9581
21846
2463
23847
7191
21154
13601
6833
9353
29268
13869
21860
8232
19604
20318
25667
28023
23330
4993
20149
30418
7484
2540
12168
6496
12994
27921
18741
30787
12952
14162
12134
4113
16460
29207
10677
7816
9464
31518
13239
12925
28522
13331
15929
30742
24451
20577
5577
5433
8413
13639
4729
10820
6320
8238
29919
19199
19191
1850
5216
975
6862
26655
17071
16172
27167
31030
2192
8020
23677
28880
8162
8257
16720
22218
20188
5593
26931
5217
2199
23142
27290
13896
30412
16709
6584
5368
20704
8674
14240
22344
9245
3812
7338
829
28995
3492
25112
4387
17215
25060
20217
13532
9018
16830
3150
20857
3541
1498
25708
19207
19891
10724
4513
10923
24377
12605
24602
18674
16785
17393
9988
29282
22773
6122
23794
14933
17962
31331
19327
28679
22346
3487
9780
27117
30151
3802
2220
6984
13741
14464
8181
10235
27175
5277
826
27289
25413
21396
32671
8387
14588
31509
23405
12721
18287
329
21615
17166
16492
10319
23964
4105
30266
11756
24565
13993
17298
9086
689
28512
13547
562
16024
25316
22267
20343
16557
4666
20090
26035
24591
1299
7465
13620
11041
12892
14355
4457
20457
22289
21266
24146
25526
12114
1430
12853
19974
17848
11426
16275
23206
19689
11799
7002
14107
14186
309
13148
24385
437
8287
2304
15666
25228
18462
1079
105
21900
10089
29362
28712
13317
25892
1875
15638
20489
7910
28129
5677
17859
17663
18175
1235
30474
30650
8287
21575
25910
18911
15667
2111
23859
3196
17124
9936
10708
2021
7687
22925
16489
17914
13197
10739
7059
20904
12857
23813
14423
4019
6232
12851
26994
5298
16812
2432
29932
7259
4521
13540
12272
1536
3556
30959
3291
31322
31944
176
20371
7814
23690
18645
23578
30797
18016
17939
21347
26536
4590
19145
29284
22915
19713
28640
26476
6082
23424
1269
4535
23170
21408
19386
24384
32417
27222
665
15574
1408
1042
667
19570
16903
15786
29833
21960
22250
404
24913
9500
27179
32089
8618
19543
12769
2886
28923
31322
15927
25701
10105
23698
9399
11948
24464
16076
28873
15219
2693
23883
32118
2604
14425
7448
7282
25422
5872
7834
11866
8082
27763
24166
4154
28514
4338
22616
594
13966
11086
24803
27674
20546
13654
10405
8579
20277
2864
7743
3456
3618
2555
8803
26053
9340
434
16943
19406
4958
32339
27577
32548
16065
11329
20715
1244
1777
23527
27793
26720
5698
26783
23984
31090
14078
1746
3353
11117
17827
15712
20799
31182
4939
3650
1094
30196
19564
4718
16476
25124
14273
3322
13900
32208
24968
14725
21072
26393
1774
22995
8999
13714
21960
18103
14184
12871
21635
2102
25878
20734
1630
14569
12148
20156
8150
14499
16155
6539
24418
29268
8265
25979
24161
14637
15228
4839
28241
261
15424
18937
22081
30204
23109
28528
1161
14174
14516
22177
2232
14794
20419
21692
27086
5267
5256
6481
11436
15974
21258
28691
7880
32045
28318
20443
14629
3380
31857
23280
12163
17290
27745
13445
32723
12203
13329
20355
5613
91
12348
6793
22405
12245
12361
11569
11355
15141
24608
23190
22195
26835
1085
19731
12293
25281
15362
3917
7669
10070
15954
9843
21381
5596
17499
8644
12938
6695
5811
17234
24925
15224
28839
9734
26834
4769
11728
1253
28270
27497
30183
1937
24276
5425
23257
14355
7297
9944
7454
1495
1721
14813
2631
31224
27841
24771
10711
191
16719
23738
11348
27750
8767
22139
20638
5409
2183
7796
13183
14943
13421
14373
15746
2380
10744
13514
8969
27803
20900
8506
10906
2436
4441
2831
11642
3592
29086
24839
1661
13436
8971
12970
25372
8261
30716
4909
10952
30689
9869
9111
28798
24615
26306
2082
8860
15567
16645
19684
27891
23092
8406
32174
285
25689
32702
30005
14608
20266
15492
10095
18420
5125
29348
27456
27954
26745
26109
1878
24014
21070
22218
1618
22518
15557
20947
5672
5339
29472
20709
30408
3263
9317
16255
15358
16719
21600
14286
26262
564
24039
3035
6341
24549
27234
28420
27076
16575
650
21417
7358
19543
7280
20775
16108
8463
19137
9738
28927
2023
29001
10878
24510
6806
8887
18183
12272
4058
2976
17266
24956
8716
3782
524
28111
17399
30361
31505
9598
6122
24574
3175
4396
23820
16976
29068
22959
18160
14500
30670
31598
29545
28754
17082
18701
29344
24753
13526
333
5475
12321
20627
31789
30144
27215
9597
13142
28115
27572
7605
10677
28892
9823
16289
30314
31380
9205
14306
30433
2242
26870
16262
27710
21257
7489
12927
2047
13572
7643
27220
11228
32405
23532
12567
24818
7801
11530
24727
18977
23328
28858
470
5555
3516
12084
190
12862
5017
5479
18447
19147
27052
29245
22940
20023
9838
6432
14007
1498
17899
19901
11498
32615
31765
7432
23272
19987
351
18304
450
26362
3463
8372
30302
7358
29875
2054
18214
32369
6848
24239
27133
7605
12503
7939
1655
33
28993
30966
12361
16359
19836
6112
9726
8116
17038
30077
26604
5592
18329
24120
15207
4775
2736
2729
28212
1567
28649
29276
28224
26827
1715
15316
2450
19430
26986
28111
27263
13508
15145
17868
9245
18286
14304
22475
25338
1165
2726
23380
5645
7817
24144
18874
9196
10737
23618
12705
64
11550
3461
25534
13686
21267
21018
23774
14008
17832
25230
4394
3612
29416
4047
31913
15131
16823
13630
7430
21828
31160
4357
14484
18225
25197
30379
5775
13755
23968
4070
3237
26474
258
8112
1460
16431
29459
31644
26070
9558
3905
12139
28571
23990
5460
32474
3733
16939
26633
14783
11034
21062
7933
5716
27461
322
28621
1491
1342
20282
12924
14147
1723
666
1301
15505
13767
5588
21137
1506
28355
11604
16634
10024
9130
10677
19153
7155
24729
10805
1966
32139
31118
4966
26662
24379
17775
28199
26865
17647
2639
13011
332
26626
32494
21688
20637
15953
1406
8651
20310
30612
941
19097
1819
25838
31711
9857
5671
32450
19387
2081
492
31945
13290
13838
7417
13409
3355
23496
1057
12584
20043
1773
30426
15306
18499
1196
3811
17175
14946
13181
6954
23385
9372
7439
8684
18404
31427
27778
19998
17134
7429
5335
19468
30625
14775
15269
22848
25199
31825
15373
2981
2982
11705
21999
5100
20548
10692
23902
32559
11532
19962
32338
15316
16345
17817
26781
26037
29491
22237
30753
7549
2080
5503
11583
28501
29244
7803
2451
3265
14860
16663
9438
24004
22928
14625
3651
11595
18199
24184
19895
29897
8791
28110
6579
2846
14269
20139
5419
15037
19970
31413
10692
782
29183
27184
21058
2321
13506
10689
26943
31557
4065
32119
20515
27848
25614
13579
592
27583
17900
5479
26781
22264
3362
31590
262
14030
22957
7131
11938
7501
890
1236
17877
20887
10292
17440
10438
19078
19291
22286
2067
15507
15510
18296
7108
16119
14410
6656
26750
19472
30315
29082
25849
8453
7058
3147
5044
16557
16464
32048
25832
7597
707
18369
29882
12257
22118
16471
31156
30974
1581
21996
30582
15477
7378
10530
2473
28314
10089
5255
23349
7941
1595
2584
7604
25144
16337
27140
5414
32387
2639
14002
3046
24613
32516
18948
17117
6324
11326
28638
12789
28095
31075
2530
11472
15025
4413
8318
16315
10744
18070
1321
22749
2407
9989
27113
4532
15833
12295
4633
11459
6680
23121
105
7044
7421
28517
17958
8356
23256
23908
22460
25199
5649
32035
2681
394
19216
32384
8083
2016
13147
28407
109
17374
1022
3696
4118
25571
27440
26203
13842
26098
4403
22271
1630
12203
8316
3855
10926
25209
6420
8575
28921
16396
29502
11669
9015
13066
21850
19779
3178
20481
24841
15796
20187
25249
23442
30245
28582
23336
13701
8438
15224
12317
13726
11009
26776
2113
19179
23850
6692
16579
18993
13367
10398
9139
6797
27363
21415
25273
5463
27181
16649
10759
7499
5110
27899
24460
12523
7115
28577
25194
31775
25088
15315
24235
11551
1278
15135
2351
4242
7389
27409
22505
14584
21814
24497
2636
13637
22834
20302
5631
6862
17895
2938
19416
26217
5861
2902
18696
30928
16651
27408
2195
12871
28576
1193
10500
29055
6047
1532
14942
31161
21841
10236
10325
1070
18465
27453
5310
175
24749
32182
13893
18825
21785
11717
3934
20139
12200
3699
4478
31755
11149
12538
138
24389
21502
6020
10896
20613
6539
17718
18357
8872
20910
3949
5742
7838
21667
5191
2035
19987
11641
31334
4337
22862
4202
24048
29311
31833
2920
3802
3924
22370
9464
1127
8503
7777
23875
10731
25270
27643
17770
26837
283
15270
8475
5100
27292
20239
18018
6105
19666
697
12225
5350
22381
21990
29826
17925
5925
10682
6988
22804
31988
31646
31477
7263
25986
7907
7575
9575
13537
14759
23014
21730
23162
2301
5824
23554
20807
12360
27910
9978
28739
6120
7083
20671
7967
7961
522
1035
17207
9495
5245
28072
30916
11655
32555
9195
27731
9234
27425
10111
26742
851
6565
24931
27577
25331
18886
16950
23255
12562
7224
26291
9006
6889
26975
25976
24945
26798
15786
10763
24733
20664
28706
286
1326
1508
1859
14866
30866
1335
24586
443
10462
26309
19279
23139
28864
13777
5461
21777
31668
5173
11168
28683
14971
11525
21766
16025
31690
14959
12297
15884
32063
8933
27492
31743
2200
29055
27876
29149
28967
11674
23161
14755
1409
21958
14733
32743
18807
479
6292
22298
3143
28793
30437
20490
12051
897
24264
31658
12177
28706
26064
14870
19205
9702
1899
31442
19820
12574
3511
21074
24826
7299
31895
2240
29127
5661
13063
1529
31174
23396
13996
16089
18678
12454
23983
1976
7644
26536
19148
28724
8752
14736
28582
3121
8151
30722
2398
19999
529
22922
19299
22140
30452
25914
11404
23705
17689
16788
2660
5280
10645
27306
5829
14038
21034
4995
17320
3102
18367
14017
8507
9151
23822
6785
25140
5734
30109
19331
31333
31343
14575
21387
2961
28000
1531
12038
5247
22198
15069
17905
5708
18405
9420
27639
9221
7578
11340
11225
4214
17987
4516
25107
11836
20945
19859
27325
22050
11964
27199
26287
10154
14408
26734
23528
14313
31240
1272
13617
8856
19616
29309
25853
12649
12238
23379
12180
3479
1452
16322
24688
12225
4911
1140
28391
504
27124
17703
22027
26647
7996
16293
9167
8786
29749
27382
875
15890
21371
3796
18177
2305
18398
28511
13440
14944
20582
24850
6601
18081
13716
22774
27664
4402
17387
19733
30341
28823
4015
31026
23604
14523
9709
23479
28970
16264
20155
32495
11994
4021
17601
25205
18367
15839
1528
6381
7746
5084
8626
28145
8925
1612
10203
10318
23937
10352
7550
15473
9781
4672
6794
796
20737
27831
29911
18526
20746
6258
7268
18113
5886
8825
3299
25285
11954
31581
30839
14989
24586
9347
4028
24025
22298
18367
2824
16948
6026
27940
22768
18287
16191
17179
5646
24653
23607
11443
12802
13184
22965
2616
26039
18644
18591
28679
24296
5803
1828
16288
17634
937
2977
22269
31371
12464
22214
18979
16803
7951
20725
23286
9034
1782
5866
9041
16834
29230
31137
9558
30583
28422
13684
13827
26428
28561
9349
30214
25048
10510
28763
19667
17601
1960
1744
6643
13863
2656
22058
4255
25140
6983
5256
29069
7571
14320
5760
5898
4399
32293
30982
1865
21309
28889
8847
251
4476
2398
24439
13855
12475
26840
7584
10524
1437
15858
2909
24589
2713
13007
7566
25180
14148
30532
16652
13458
23763
15172
15175
18029
11227
11675
32301
1844
18268
21215
29518
5191
2302
18596
574
13818
23194
18672
22075
7843
18684
495
10000
8178
13288
5607
2361
19073
16218
22381
2376
11180
27154
5594
5768
7587
27984
3577
223
23997
18909
21250
3577
23824
9802
17356
27042
32574
25212
24638
30068
15249
1129
4871
15283
21579
25116
17294
2421
6199
11519
17452
29702
25220
16985
28826
19850
19667
25878
4261
19684
18319
17607
21289
27863
3197
30185
30012
18027
8084
16234
27050
27283
21006
24937
5282
32524
31679
14654
28590
8840
24230
26298
10728
23564
26818
22191
6252
6551
18470
22195
2825
516
1360
5666
22844
7729
6071
14434
15198
7521
10403
23659
17436
14559
30785
15750
3624
31461
6391
20820
29230
27835
29941
1811
22794
28707
21005
3101
32312
18421
18372
14769
13963
5127
23465
4086
3874
17487
14309
25149
22681
18252
12308
6279
29308
30625
2131
10823
27393
3332
12954
13929
18166
5206
30285
23698
1528
13075
13837
15274
14054
14829
18388
14744
12437
19124
4929
30796
17093
5497
27184
7171
29524
28915
20366
18118
7090
21026
8300
27956
31381
26417
21329
26754
3566
22945
16853
27072
18715
31652
12395
12894
31582
25799
2175
13806
31374
16852
30913
2347
26124
23543
28608
16955
5625
6943
9402
11825
2726
1959
8882
32726
28748
3894
2500
23465
2814
4324
31414
25892
7899
29854
24783
12609
10376
20939
3564
16957
31198
26927
23760
28828
3807
30224
19900
25965
12015
6808
20799
2511
11841
27515
13648
4020
25487
24282
26778
30693
9742
8806
2071
14663
26529
7368
27360
27996
16204
7745
8260
9740
30700
1165
5143
20646
30502
22030
19788
18978
4254
6182
31431
2217
6505
25829
17004
32343
20420
996
1660
6463
27398
2672
5409
1199
26579
18155
30279
4022
25747
31600
19374
23780
8738
11190
30525
16209
31945
567
31642
26848
29038
4241
19191
19909
775
28460
30767
24901
5205
29
32273
4029
2510
22858
4347
6630
18395
6607
11948
13655
24899
11937
24659
5708
2535
19057
25323
18085
8625
5332
10699
28210
27591
21664
28537
28717
17924
6553
18624
520
29864
10573
28162
8042
22094
13116
11983
32628
5151
4156
17333
28488
8774
4380
29274
13772
9379
8328
14281
25771
3012
15404
27914
15005
32273
2333
6645
31465
24902
1908
27207
24104
6183
10556
30966
75
18543
20622
26050
28639
15625
30970
26893
17040
14466
4137
23020
21228
19391
16833
23166
2922
1259
14985
7805
25259
2740
9934
18
27903
30647
28677
22254
10027
2616
32177
17814
24170
31767
32135
28926
22961
5887
30416
22106
10295
22753
11536
13105
14645
15521
5605
13235
8426
31503
26161
23372
12003
22552
31355
23417
14713
20542
7827
19675
17051
14917
30837
32394
22990
12591
6768
20395
24433
23147
136
18245
3398
23626
32024
24144
26670
6322
22716
12303
32564
22
10605
1184
7117
4261
9454
27090
18270
21954
29288
20022
18943
31669
16209
21113
1663
19360
7057
17648
22440
9140
24808
31605
21188
16292
10634
32626
4960
25946
6669
16443
29775
18922
645
16289
23026
17092
6894
27844
29111
5933
24266
8488
2784
1520
19466
29707
27782
21328
2354
22518
19677
29506
14009
13971
19897
9177
28590
32446
8785
3074
15778
22750
16963
12913
961
30070
19929
24795
9538
10743
1931
18278
27394
20441
1733
29790
27755
6633
2026
29737
32667
21477
32152
11645
29890
16454
18222
19920
8396
2141
12427
23056
31553
29345
7961
14229
21353
21320
4107
16724
24755
27412
19426
15701
12887
10352
29494
18023
16955
32443
18611
32274
12052
18404
23650
6861
25037
25655
31785
9841
8748
3190
3478
238
24243
2604
13528
31548
11204
19006
27918
7829
15881
32195
30149
29666
25619
15637
14779
24435
17217
24872
4841
25842
23524
1819
