492
552
844
1124
1273
2235
2361
2509
2572
3135
3463
3980
4378
4401
4472
6186
6238
7142
7297
7450
8410
8526
8790
9152
9286
9374
9843
10388
11430
11606
12517
12546
12939
13214
13549
14070
15466
15477
15883
16112
16119
16318
16995
17383
17939
18064
18162
18471
18527
20043
20296
20377
21022
21052
21281
21334
21484
21489
21524
21559
22869
23124
23526
23566
24090
24207
24324
24414
24516
24963
25080
25224
25283
25345
25880
26016
27116
27366
27877
28373
28408
28478
28513
29119
29448
29652
29657
29798
30042
30047
30488
30722
31269
31288
31893
32153
32220
32489
32732
15665
