1000
29657
25080
31893
30722
30042
31269
21052
16318
23124
21484
29448
31288
24207
3463
20377
13214
844
29119
23526
21281
2509
6238
32220
24324
30488
27366
20296
18162
1273
24963
14070
10388
9286
3135
7450
16995
29798
15477
16112
2235
21524
25224
26016
4401
28513
29652
1124
18471
28408
27877
492
9374
11430
17383
12546
20043
4378
24414
15466
27116
32489
25880
2572
32732
28373
30047
22869
12517
8526
9843
8410
11606
2361
21559
28478
8790
21489
6186
21334
4472
12939
32153
3980
18064
18527
17939
7297
24516
25283
21022
16119
7142
24090
552
13549
25345
23566
9152
15883
15665
12057
16134
833
11192
8010
22624
8620
6223
27718
31343
23737
20154
12429
7234
15244
13471
2558
14281
5539
13208
11166
9356
21174
2439
15509
2716
25058
29482
10361
458
11271
25839
17615
12568
1391
17929
28623
621
25264
25027
3176
16013
21715
788
32644
9543
4277
28276
4749
22001
1454
11759
24368
7185
18289
25464
10337
29789
20275
5503
17567
24038
22544
10694
32121
19344
23210
624
2129
18885
27667
29019
31840
11370
1005
30127
27130
22802
28111
30647
30483
370
27115
30448
9475
25110
16622
24160
9094
22866
20264
29481
21767
27258
19181
4446
26654
341
19003
11029
10839
2512
19356
15806
30773
12272
17998
12723
28278
23562
1442
22544
16537
16182
21410
31428
22686
1025
14070
13032
9229
30562
18441
31056
12857
15856
24935
9568
1990
26961
12138
20001
19305
502
25365
16788
12271
22789
3136
1607
16257
13975
24309
6949
27686
14372
26651
27026
2441
29499
30033
7608
5117
12407
13341
22811
26814
21166
19526
29556
21369
15979
31102
15804
5391
21919
26692
31623
18327
23443
23049
1683
17314
21793
21650
20641
27330
14628
24733
14211
31565
1325
7111
24439
20830
2680
8621
1971
14621
1822
4178
3393
13888
24459
11201
4109
25810
3123
25843
28221
22323
3969
18418
2496
5473
2064
5439
3114
8565
13086
2673
7359
9585
29502
7712
15565
11832
12108
13057
15936
6110
7590
1618
2160
3874
20377
23929
7997
19513
4378
14056
8286
27342
28855
579
10998
838
973
9157
25960
26952
15098
18144
5485
13181
23253
17443
32356
28820
27869
7777
31209
11658
15536
23312
32424
12584
13694
14831
2419
4301
13244
4076
7315
621
7965
18756
18780
4058
24766
22252
30725
3906
2464
2864
25014
1273
15708
10650
28897
21113
13586
11797
31702
22184
28323
3922
3474
25433
23584
107
12504
11284
10114
30150
29060
4634
24219
28989
2075
29092
6988
22907
25510
21612
31737
24745
1473
11630
58
15947
25839
496
7635
16484
18736
9152
8679
30689
22230
24765
12904
1076
15252
19352
978
16960
12760
476
5913
25205
20058
4908
5087
10812
19445
28108
4843
25749
18871
29796
27863
17918
12084
8448
24840
18328
11039
22874
10468
15749
27
22620
19262
11412
5070
20705
17429
8992
29751
11708
21631
6453
18242
4859
3808
7157
22682
1133
29535
18490
14783
21857
12443
22653
10328
17841
23705
18935
11978
28671
14850
23813
13065
27967
23947
29905
26543
20853
18356
6703
21323
26048
18101
9669
25083
17304
13493
21871
13629
13652
26174
20706
9730
32751
23790
24975
11524
31243
4719
25034
9562
5174
28585
10027
7497
13933
17461
27700
10590
5854
21013
32053
28089
28146
16803
11373
20908
11147
4552
20850
4485
4491
22638
22483
8871
22421
26424
8443
7648
15383
10352
15704
9206
9864
18497
16573
28803
16110
32294
13829
3843
7844
2722
30202
26156
32346
15666
25973
3454
1373
5760
24262
8474
7705
23257
19029
2007
29660
10465
10890
24467
32220
26757
7915
967
15228
9778
8836
25182
1483
11844
2444
4808
6733
31938
581
25418
17151
21832
7460
20632
16277
5956
8242
7077
21510
8805
10674
29114
8266
24401
26116
23238
9570
16535
23753
25077
7066
20452
6472
11395
32267
7033
12817
29395
28515
6108
29663
4027
23529
18894
13251
6690
31931
19582
3199
15566
8282
2044
2864
16503
23657
11248
3889
31776
3250
17036
24891
8103
17258
28607
17873
3226
3766
12460
3803
12620
14190
12122
28817
6696
23840
32429
7578
11590
4952
21141
28277
17468
25630
2181
6169
6199
23489
5159
13784
13386
467
9294
10889
25093
25461
5164
7398
17482
4821
31941
4915
5212
16372
31395
29217
13625
20141
31691
25329
4394
3571
10737
25820
30104
29786
17640
3507
24865
1496
348
15811
30699
18125
16323
19195
4664
24642
12177
26449
6459
22894
12971
18017
9771
2687
5407
18007
6037
11415
27922
8208
4342
11028
14074
25212
6281
6676
525
15687
18270
30264
16632
24248
16300
4521
4821
26841
23912
21081
6231
16856
21782
9612
10568
17325
13536
19606
32310
3837
31717
26342
8809
1342
15315
23875
16920
11805
30904
4694
10460
3100
15125
31849
1124
9344
2101
3182
16235
15978
13500
1603
2279
7492
17795
11828
23427
14942
21155
28610
6480
16857
8400
24994
4023
22213
25833
19209
30643
25222
26060
3623
17981
29564
28783
7153
24839
28387
21037
21796
2924
6647
19805
31879
8103
15964
15401
7792
26692
28094
21918
4489
11733
10421
18687
29908
19686
27883
9055
20205
26675
28288
13166
12944
2840
173
24468
3162
20552
29096
8764
32212
24770
24008
8307
27053
24321
15850
3761
5447
4723
13587
22518
886
26413
24919
15129
27780
5597
13305
21085
30584
2048
5331
14662
6295
19541
21752
17579
14636
12177
13465
267
3205
19796
37
27429
13886
11612
2228
5826
9666
16633
31654
14294
19214
21696
23943
16839
2232
19076
11318
4365
1840
12162
27719
21243
19783
732
9637
8156
16877
16457
4988
31554
31551
778
2902
11931
32449
21792
24452
12805
22247
32444
16575
5988
8667
27127
25359
11185
32122
28355
27116
17045
29855
6945
24483
24630
20901
19349
15356
13649
31271
10199
15898
8585
14346
22476
7586
12286
5054
1204
22304
16930
9152
31397
6054
23752
30052
32312
2998
19326
29393
10882
5473
3613
27213
27462
11697
17566
6843
26472
30021
3375
26977
28581
14395
2182
9455
17794
26963
30838
31165
20098
22608
11456
31573
1948
10146
12843
26417
19692
17731
30679
1222
18857
27359
24270
18113
9303
26935
26588
4496
15166
17095
29601
19236
1306
22950
18660
6133
27156
13487
21802
26951
10481
8158
23431
16556
7306
11260
1461
