27
37
58
107
173
267
341
348
370
458
467
476
492
496
502
525
552
579
581
621
621
624
732
778
788
833
838
844
886
967
973
978
1005
1025
1076
1124
1124
1133
1204
1222
1273
1273
1306
1325
1342
1373
1391
1442
1454
1461
1473
1483
1496
1603
1607
1618
1683
1822
1840
1948
1971
1990
2007
2044
2048
2064
2075
2101
2129
2160
2181
2182
2228
2232
2235
2279
2361
2419
2439
2441
2444
2464
2496
2509
2512
2558
2572
2673
2680
2687
2716
2722
2840
2864
2864
2902
2924
2998
3100
3114
3123
3135
3136
3162
3176
3182
3199
3205
3226
3250
3375
3393
3454
3463
3474
3507
3571
3613
3623
3761
3766
3803
3808
3837
3843
3874
3889
3906
3922
3969
3980
4023
4027
4058
4076
4109
4178
4277
4301
4342
4365
4378
4378
4394
4401
4446
4472
4485
4489
4491
4496
4521
4552
4634
4664
4694
4719
4723
4749
4808
4821
4821
4843
4859
4908
4915
4952
4988
5054
5070
5087
5117
5159
5164
5174
5212
5331
5391
5407
5439
5447
5473
5473
5485
5503
5539
5597
5760
5826
5854
5913
5956
5988
6037
6054
6108
6110
6133
6169
6186
6199
6223
6231
6238
6281
6295
6453
6459
6472
6480
6647
6676
6690
6696
6703
6733
6843
6945
6949
6988
7033
7066
7077
7111
7142
7153
7157
7185
7234
7297
7306
7315
7359
7398
7450
7460
7492
7497
7578
7586
7590
7608
7635
7648
7705
7712
7777
7792
7844
7915
7965
7997
8010
8103
8103
8156
8158
8208
8242
8266
8282
8286
8307
8400
8410
8443
8448
8474
8526
8565
8585
8620
8621
8667
8679
8764
8790
8805
8809
8836
8871
8992
9055
9094
9152
9152
9152
9157
9206
9229
9286
9294
9303
9344
9356
9374
9455
9475
9543
9562
9568
9570
9585
9612
9637
9666
9669
9730
9771
9778
9843
9864
10027
10114
10146
10199
10328
10337
10352
10361
10388
10421
10460
10465
10468
10481
10568
10590
10650
10674
10694
10737
10812
10839
10882
10889
10890
10998
11028
11029
11039
11147
11166
11185
11192
11201
11248
11260
11271
11284
11318
11370
11373
11395
11412
11415
11430
11456
11524
11590
11606
11612
11630
11658
11697
11708
11733
11759
11797
11805
11828
11832
11844
11931
11978
12057
12084
12108
12122
12138
12162
12177
12177
12271
12272
12286
12407
12429
12443
12460
12504
12517
12546
12568
12584
12620
12723
12760
12805
12817
12843
12857
12904
12939
12944
12971
13032
13057
13065
13086
13166
13181
13208
13214
13244
13251
13305
13341
13386
13465
13471
13487
13493
13500
13536
13549
13586
13587
13625
13629
13649
13652
13694
13784
13829
13886
13888
13933
13975
14056
14070
14070
14074
14190
14211
14281
14294
14346
14372
14395
14621
14628
14636
14662
14783
14831
14850
14942
15098
15125
15129
15166
15228
15244
15252
15315
15356
15383
15401
15466
15477
15509
15536
15565
15566
15665
15666
15687
15704
15708
15749
15804
15806
15811
15850
15856
15883
15898
15936
15947
15964
15978
15979
16013
16110
16112
16119
16134
16182
16235
16257
16277
16300
16318
16323
16372
16457
16484
16503
16535
16537
16556
16573
16575
16622
16632
16633
16788
16803
16839
16856
16857
16877
16920
16930
16960
16995
17036
17045
17095
17151
17258
17304
17314
17325
17383
17429
17443
17461
17468
17482
17566
17567
17579
17615
17640
17731
17794
17795
17841
17873
17918
17929
17939
17981
17998
18007
18017
18064
18101
18113
18125
18144
18162
18242
18270
18289
18327
18328
18356
18418
18441
18471
18490
18497
18527
18660
18687
18736
18756
18780
18857
18871
18885
18894
18935
19003
19029
19076
19181
19195
19209
19214
19236
19262
19305
19326
19344
19349
19352
19356
19445
19513
19526
19541
19582
19606
19686
19692
19783
19796
19805
20001
20043
20058
20098
20141
20154
20205
20264
20275
20296
20377
20377
20452
20552
20632
20641
20705
20706
20830
20850
20853
20901
20908
21013
21022
21037
21052
21081
21085
21113
21141
21155
21166
21174
21243
21281
21323
21334
21369
21410
21484
21489
21510
21524
21559
21612
21631
21650
21696
21715
21752
21767
21782
21792
21793
21796
21802
21832
21857
21871
21918
21919
22001
22184
22213
22230
22247
22252
22304
22323
22421
22476
22483
22518
22544
22544
22608
22620
22624
22638
22653
22682
22686
22789
22802
22811
22866
22869
22874
22894
22907
22950
23049
23124
23210
23238
23253
23257
23312
23427
23431
23443
23489
23526
23529
23562
23566
23584
23657
23705
23737
23752
23753
23790
23813
23840
23875
23912
23929
23943
23947
24008
24038
24090
24160
24207
24219
24248
24262
24270
24309
24321
24324
24368
24401
24414
24439
24452
24459
24467
24468
24483
24516
24630
24642
24733
24745
24765
24766
24770
24839
24840
24865
24891
24919
24935
24963
24975
24994
25014
25027
25034
25058
25077
25080
25083
25093
25110
25182
25205
25212
25222
25224
25264
25283
25329
25345
25359
25365
25418
25433
25461
25464
25510
25630
25749
25810
25820
25833
25839
25839
25843
25880
25960
25973
26016
26048
26060
26116
26156
26174
26342
26413
26417
26424
26449
26472
26543
26588
26651
26654
26675
26692
26692
26757
26814
26841
26935
26951
26952
26961
26963
26977
27026
27053
27115
27116
27116
27127
27130
27156
27213
27258
27330
27342
27359
27366
27429
27462
27667
27686
27700
27718
27719
27780
27863
27869
27877
27883
27922
27967
28089
28094
28108
28111
28146
28221
28276
28277
28278
28288
28323
28355
28373
28387
28408
28478
28513
28515
28581
28585
28607
28610
28623
28671
28783
28803
28817
28820
28855
28897
28989
29019
29060
29092
29096
29114
29119
29217
29393
29395
29448
29481
29482
29499
29502
29535
29556
29564
29601
29652
29657
29660
29663
29751
29786
29789
29796
29798
29855
29905
29908
30021
30033
30042
30047
30052
30104
30127
30150
30202
30264
30448
30483
30488
30562
30584
30643
30647
30679
30689
30699
30722
30725
30773
30838
30904
31056
31102
31165
31209
31243
31269
31271
31288
31343
31395
31397
31428
31551
31554
31565
31573
31623
31654
31691
31702
31717
31737
31776
31840
31849
31879
31893
31931
31938
31941
32053
32121
32122
32153
32212
32220
32220
32267
32294
32310
32312
32346
32356
32424
32429
32444
32449
32489
32644
32732
32751
