100
29657
25080
31893
30722
30042
31269
21052
16318
23124
21484
29448
31288
24207
3463
20377
13214
844
29119
23526
21281
2509
6238
32220
24324
30488
27366
20296
18162
1273
24963
14070
10388
9286
3135
7450
16995
29798
15477
16112
2235
21524
25224
26016
4401
28513
29652
1124
18471
28408
27877
492
9374
11430
17383
12546
20043
4378
24414
15466
27116
32489
25880
2572
32732
28373
30047
22869
12517
8526
9843
8410
11606
2361
21559
28478
8790
21489
6186
21334
4472
12939
32153
3980
18064
18527
17939
7297
24516
25283
21022
16119
7142
24090
552
13549
25345
23566
9152
15883
15665
