2
18
21
22
24
26
27
29
30
31
32
33
37
41
42
47
58
62
64
69
71
73
75
78
84
87
90
91
94
97
105
105
107
109
110
115
119
121
128
129
133
134
136
138
142
142
144
158
163
166
170
171
172
172
173
175
176
186
190
190
191
192
199
202
204
205
223
224
238
239
240
240
251
256
258
261
262
267
272
278
278
283
284
284
285
286
286
288
289
294
301
307
309
311
314
322
325
329
330
332
333
333
334
334
336
341
348
351
352
358
358
368
369
370
371
383
386
394
404
412
413
413
417
418
423
429
432
434
436
437
443
450
451
454
455
458
461
463
467
470
476
479
487
489
492
492
492
494
495
496
499
499
502
504
509
513
516
520
522
524
524
525
527
528
529
529
530
531
533
535
548
551
552
553
562
564
564
566
567
571
574
574
576
579
581
590
592
593
594
595
604
605
621
621
624
624
630
631
638
645
649
650
650
658
662
664
665
666
667
670
670
671
672
673
684
686
689
693
696
697
698
700
705
707
713
732
745
748
757
764
765
768
768
769
771
772
775
775
778
782
788
795
796
808
809
818
819
826
829
829
832
833
838
842
844
851
855
860
866
866
870
875
877
886
887
887
888
889
890
890
890
894
896
897
901
902
903
904
904
909
910
912
925
937
939
941
941
945
947
948
957
959
961
961
967
973
974
975
978
978
983
986
996
1005
1007
1012
1022
1025
1029
1035
1042
1045
1048
1057
1066
1070
1071
1072
1076
1077
1079
1079
1085
1094
1099
1107
1113
1113
1114
1119
1122
1124
1124
1125
1127
1127
1129
1129
1132
1133
1137
1140
1144
1161
1165
1165
1165
1179
1184
1184
1188
1192
1193
1196
1199
1203
1204
1204
1215
1221
1222
1225
1228
1235
1236
1240
1243
1244
1244
1253
1255
1259
1268
1269
1270
1271
1272
1273
1273
1276
1277
1278
1286
1291
1295
1298
1299
1301
1301
1302
1306
1306
1307
1321
1322
1325
1326
1335
1336
1342
1342
1343
1344
1360
1366
1371
1371
1371
1372
1373
1376
1379
1383
1388
1391
1391
1402
1406
1408
1409
1412
1416
1430
1433
1437
1438
1441
1442
1442
1444
1446
1452
1454
1454
1460
1461
1462
1464
1466
1469
1471
1473
1473
1482
1483
1483
1485
1489
1491
1493
1495
1496
1497
1498
1498
1506
1508
1513
1517
1518
1519
1520
1528
1528
1529
1529
1531
1532
1535
1536
1547
1548
1548
1548
1553
1567
1570
1570
1573
1574
1579
1581
1582
1588
1594
1595
1600
1602
1603
1603
1607
1607
1612
1618
1618
1630
1630
1635
1648
1655
1660
1661
1663
1677
1677
1681
1683
1695
1697
1699
1701
1703
1705
1706
1712
1712
1715
1721
1722
1723
1726
1727
1728
1732
1733
1738
1742
1744
1745
1745
1746
1746
1768
1768
1773
1774
1777
1777
1778
1780
1782
1783
1784
1785
1785
1790
1793
1805
1811
1812
1815
1816
1816
1819
1819
1822
1825
1826
1827
1828
1829
1829
1834
1840
1844
1849
1850
1857
1859
1865
1866
1871
1871
1874
1875
1877
1878
1895
1897
1898
1899
1903
1908
1909
1927
1927
1931
1931
1936
1937
1940
1943
1943
1945
1947
1948
1959
1960
1966
1971
1971
1976
1981
1986
1987
1989
1990
1994
1999
2000
2002
2003
2007
2009
2016
2018
2019
2019
2021
2023
2023
2026
2035
2044
2045
2047
2047
2048
2051
2054
2055
2063
2064
2067
2067
2070
2071
2075
2077
2078
2080
2081
2082
2098
2101
2102
2109
2111
2111
2113
2114
2126
2128
2129
2131
2132
2138
2140
2141
2145
2145
2147
2160
2161
2169
2172
2175
2181
2182
2183
2184
2184
2184
2191
2192
2195
2197
2199
2200
2202
2204
2210
2212
2215
2217
2217
2220
2222
2228
2229
2229
2232
2232
2233
2235
2235
2239
2240
2242
2247
2248
2249
2256
2263
2267
2270
2276
2277
2278
2279
2287
2288
2296
2301
2302
2303
2304
2305
2307
2312
2321
2333
2335
2347
2347
2348
2351
2352
2354
2355
2356
2358
2359
2361
2361
2361
2362
2370
2373
2376
2376
2379
2380
2382
2398
2398
2399
2399
2403
2407
2410
2412
2419
2420
2421
2432
2436
2436
2438
2439
2440
2441
2441
2443
2444
2445
2450
2450
2451
2461
2463
2464
2465
2473
2473
2481
2490
2492
2492
2496
2498
2500
2502
2509
2510
2511
2512
2514
2516
2526
2530
2535
2539
2540
2548
2554
2555
2557
2558
2558
2560
2563
2564
2572
2572
2579
2582
2584
2594
2596
2597
2601
2602
2604
2604
2604
2609
2609
2616
2616
2630
2631
2633
2636
2639
2639
2645
2645
2650
2652
2653
2656
2656
2660
2669
2672
2673
2680
2681
2681
2687
2691
2693
2697
2700
2703
2704
2705
2709
2713
2713
2716
2722
2726
2726
2728
2729
2731
2736
2739
2740
2744
2751
2754
2765
2774
2784
2787
2790
2792
2792
2803
2814
2824
2825
2829
2831
2834
2835
2837
2838
2838
2840
2840
2842
2845
2846
2851
2861
2864
2864
2864
2870
2871
2871
2877
2879
2881
2882
2885
2886
2889
2892
2898
2902
2902
2903
2904
2909
2913
2915
2916
2919
2920
2922
2924
2924
2925
2930
2931
2933
2938
2940
2943
2944
2947
2950
2951
2955
2958
2961
2963
2966
2972
2976
2977
2980
2981
2982
2985
2994
2996
2997
2998
3000
3006
3011
3011
3012
3012
3016
3021
3031
3032
3035
3039
3041
3046
3060
3068
3072
3074
3081
3084
3084
3088
3090
3100
3101
3102
3105
3112
3114
3121
3123
3124
3131
3132
3135
3136
3142
3143
3145
3147
3150
3150
3150
3159
3160
3162
3163
3167
3172
3175
3175
3176
3178
3178
3180
3180
3181
3182
3182
3185
3190
3192
3196
3197
3199
3201
3202
3203
3203
3205
3211
3216
3218
3226
3231
3234
3236
3237
3238
3238
3244
3250
3252
3254
3260
3263
3265
3267
3269
3285
3288
3288
3291
3292
3294
3296
3298
3299
3309
3312
3319
3322
3332
3337
3341
3345
3351
3352
3353
3355
3359
3362
3363
3364
3368
3375
3379
3380
3385
3389
3391
3391
3392
3393
3397
3398
3421
3421
3423
3426
3429
3430
3434
3443
3446
3450
3454
3456
3461
3461
3463
3463
3464
3472
3474
3474
3475
3476
3478
3479
3487
3492
3493
3497
3507
3507
3510
3511
3514
3516
3517
3522
3528
3533
3541
3542
3556
3557
3559
3564
3565
3566
3568
3571
3577
3577
3579
3585
3588
3592
3592
3605
3606
3609
3609
3612
3612
3613
3617
3618
3623
3623
3624
3636
3636
3650
3651
3652
3659
3660
3663
3664
3667
3678
3687
3696
3699
3704
3704
3704
3705
3709
3709
3717
3718
3719
3724
3726
3733
3739
3743
3751
3752
3753
3759
3761
3765
3766
3776
3778
3782
3783
3793
3796
3802
3802
3802
3802
3803
3806
3807
3808
3811
3811
3812
3814
3816
3821
3822
3824
3831
3831
3834
3837
3840
3843
3855
3855
3856
3859
3859
3870
3870
3874
3874
3875
3876
3877
3884
3889
3892
3894
3897
3898
3900
3905
3906
3907
3909
3909
3909
3913
3917
3921
3922
3924
3930
3934
3940
3940
3949
3949
3950
3963
3969
3970
3980
3983
3988
3989
3991
4007
4010
4013
4015
4019
4020
4021
4022
4023
4027
4028
4028
4029
4036
4037
4037
4040
4043
4047
4049
4049
4051
4058
4058
4062
4063
4065
4067
4070
4072
4073
4076
4086
4090
4097
4101
4105
4107
4109
4113
4113
4113
4118
4119
4128
4137
4140
4145
4150
4152
4153
4153
4154
4156
4163
4169
4169
4169
4173
4175
4178
4181
4187
4195
4201
4202
4214
4215
4217
4217
4223
4229
4231
4236
4241
4241
4242
4242
4246
4254
4255
4256
4257
4261
4261
4271
4277
4278
4281
4286
4287
4292
4301
4303
4306
4316
4321
4323
4324
4324
4325
4330
4330
4332
4334
4337
4337
4338
4339
4342
4343
4347
4357
4359
4360
4364
4365
4365
4368
4374
4377
4378
4378
4379
4380
4387
4394
4394
4396
4399
4401
4402
4403
4404
4413
4419
4421
4425
4429
4429
4437
4438
4441
4446
4453
4457
4458
4462
4472
4473
4476
4476
4477
4478
4481
4482
4485
4485
4489
4491
4495
4496
4500
4508
4509
4510
4513
4513
4516
4518
4520
4521
4521
4532
4535
4535
4551
4552
4552
4555
4557
4558
4564
4565
4572
4574
4590
4590
4593
4597
4598
4598
4601
4602
4604
4611
4611
4616
4619
4633
4634
4634
4638
4639
4641
4641
4643
4644
4650
4664
4666
4672
4674
4677
4680
4694
4698
4709
4711
4716
4717
4718
4719
4723
4729
4729
4734
4740
4741
4742
4749
4749
4769
4769
4769
4774
4775
4776
4778
4780
4786
4787
4787
4789
4797
4798
4803
4807
4808
4817
4821
4821
4821
4823
4823
4835
4837
4839
4839
4841
4843
4854
4859
4863
4868
4871
4871
4882
4889
4891
4894
4894
4903
4907
4908
4908
4909
4910
4911
4912
4913
4915
4919
4926
4926
4928
4929
4936
4938
4939
4939
4941
4946
4952
4952
4956
4958
4959
4960
4960
4966
4967
4971
4972
4975
4983
4984
4988
4993
4993
4995
5001
5002
5002
5010
5012
5017
5019
5019
5036
5041
5044
5045
5053
5054
5054
5061
5064
5070
5070
5078
5079
5082
5084
5087
5089
5091
5100
5100
5108
5110
5113
5117
5118
5119
5120
5120
5125
5125
5126
5127
5143
5151
5151
5151
5152
5154
5159
5162
5164
5173
5174
5178
5185
5189
5191
5191
5199
5200
5203
5205
5206
5212
5215
5216
5217
5218
5221
5225
5232
5233
5234
5234
5235
5245
5247
5255
5255
5255
5256
5256
5257
5257
5267
5276
5277
5280
5280
5282
5283
5283
5285
5286
5292
5298
5300
5305
5310
5315
5320
5320
5322
5324
5331
5332
5335
5338
5339
5350
5353
5356
5362
5366
5368
5368
5370
5385
5391
5392
5396
5398
5406
5407
5409
5409
5411
5414
5416
5417
5419
5420
5421
5421
5425
5425
5425
5427
5428
5429
5430
5432
5433
5439
5440
5447
5448
5449
5460
5461
5463
5464
5467
5473
5473
5473
5475
5477
5479
5479
5485
5485
5495
5497
5497
5500
5500
5502
5502
5503
5503
5504
5506
5511
5514
5515
5515
5519
5539
5552
5554
5555
5556
5564
5571
5577
5582
5583
5583
5583
5586
5588
5588
5591
5592
5593
5594
5596
5597
5597
5603
5605
5607
5610
5613
5613
5619
5622
5625
5625
5626
5630
5631
5638
5640
5640
5642
5645
5646
5646
5649
5651
5653
5657
5661
5664
5666
5670
5671
5672
5673
5677
5686
5698
5705
5708
5708
5710
5712
5712
5713
5716
5724
5734
5742
5746
5749
5754
5760
5760
5768
5769
5772
5775
5779
5779
5782
5786
5787
5788
5803
5810
5811
5811
5812
5824
5826
5828
5829
5839
5840
5845
5854
5861
5866
5872
5878
5880
5882
5884
5886
5887
5888
5892
5895
5898
5901
5908
5910
5912
5913
5920
5920
5925
5929
5933
5939
5945
5952
5956
5963
5967
5968
5982
5988
5996
6000
6003
6020
6022
6026
6032
6037
6044
6044
6047
6054
6065
6066
6067
6071
6072
6074
6082
6086
6087
6093
6094
6095
6096
6098
6103
6104
6105
6108
6108
6110
6110
6112
6115
6120
6122
6122
6126
6133
6141
6143
6146
6151
6151
6153
6161
6165
6165
6169
6174
6175
6176
6182
6183
6186
6192
6196
6198
6199
6199
6206
6213
6220
6223
6223
6224
6227
6230
6231
6232
6238
6243
6245
6248
6249
6251
6252
6257
6257
6258
6261
6263
6265
6274
6279
6281
6284
6288
6292
6294
6295
6306
6312
6315
6320
6322
6323
6324
6328
6332
6341
6343
6345
6349
6350
6353
6355
6356
6358
6364
6367
6381
6382
6387
6390
6391
6394
6395
6411
6412
6416
6420
6421
6421
6432
6438
6441
6442
6442
6448
6449
6453
6455
6457
6459
6460
6463
6464
6468
6472
6472
6480
6481
6496
6496
6502
6505
6509
6517
6532
6539
6539
6541
6543
6551
6552
6553
6558
6559
6565
6572
6579
6579
6581
6581
6582
6584
6585
6585
6590
6591
6596
6597
6601
6607
6608
6619
6622
6624
6627
6629
6630
6633
6643
6645
6646
6646
6647
6647
6649
6649
6656
6664
6665
6669
6672
6673
6673
6676
6676
6676
6678
6680
6690
6692
6695
6696
6703
6711
6716
6718
6723
6725
6728
6730
6733
6735
6736
6737
6743
6750
6753
6764
6768
6769
6785
6789
6791
6792
6793
6794
6797
6805
6806
6808
6825
6827
6831
6832
6833
6843
6843
6847
6848
6852
6861
6862
6862
6865
6870
6871
6878
6881
6882
6882
6887
6889
6889
6891
6894
6894
6895
6899
6915
6929
6931
6934
6936
6943
6945
6949
6949
6954
6965
6966
6976
6980
6983
6984
6986
6987
6988
6988
6988
6991
6991
6993
6993
6998
7000
7001
7002
7003
7009
7012
7015
7018
7032
7033
7038
7044
7044
7044
7047
7057
7058
7059
7061
7063
7066
7068
7077
7080
7083
7083
7087
7088
7090
7106
7108
7111
7115
7117
7123
7130
7131
7136
7142
7145
7147
7153
7153
7153
7155
7156
7157
7157
7162
7165
7168
7171
7171
7179
7180
7185
7190
7191
7199
7201
7204
7217
7217
7224
7231
7234
7236
7245
7245
7249
7251
7252
7259
7263
7268
7275
7275
7280
7280
7282
7286
7291
7296
7297
7297
7299
7299
7303
7306
7310
7310
7315
7319
7321
7321
7325
7330
7336
7337
7338
7342
7355
7358
7358
7359
7364
7366
7367
7368
7371
7377
7378
7386
7389
7391
7398
7398
7402
7411
7414
7416
7417
7417
7419
7421
7423
7425
7429
7430
7430
7432
7432
7435
7439
7444
7448
7450
7453
7454
7454
7458
7460
7465
7466
7471
7471
7475
7475
7476
7478
7484
7489
7492
7497
7499
7501
7503
7504
7504
7506
7519
7521
7522
7525
7530
7537
7538
7544
7546
7547
7549
7550
7550
7561
7565
7566
7571
7574
7575
7575
7578
7578
7578
7584
7586
7586
7587
7587
7590
7597
7599
7604
7605
7605
7608
7608
7612
7614
7620
7629
7635
7636
7636
7643
7643
7644
7648
7649
7650
7651
7654
7660
7669
7676
7679
7684
7687
7687
7695
7699
7705
7707
7712
7729
7729
7733
7738
7743
7745
7746
7750
7756
7756
7759
7765
7768
7773
7776
7777
7777
7787
7792
7796
7799
7799
7801
7803
7805
7808
7810
7811
7814
7816
7817
7821
7825
7827
7829
7830
7834
7838
7839
7840
7843
7844
7856
7857
7861
7861
7866
7871
7875
7880
7882
7897
7899
7904
7907
7908
7910
7912
7915
7917
7930
7932
7933
7934
7939
7941
7942
7945
7947
7947
7947
7951
7951
7956
7958
7961
7961
7965
7966
7966
7967
7984
7986
7990
7996
7997
8002
8003
8006
8010
8011
8017
8020
8020
8020
8024
8025
8030
8032
8042
8043
8051
8053
8061
8065
8077
8077
8082
8083
8084
8084
8085
8091
8097
8100
8100
8102
8103
8103
8104
8112
8115
8116
8116
8124
8128
8131
8133
8133
8138
8144
8148
8150
8151
8153
8154
8155
8156
8158
8161
8162
8177
8178
8179
8181
8183
8190
8194
8195
8199
8208
8208
8211
8226
8227
8230
8231
8232
8237
8238
8240
8242
8257
8260
8261
8261
8265
8266
8266
8266
8270
8270
8275
8281
8282
8285
8286
8286
8287
8287
8287
8287
8288
8290
8290
8298
8299
8300
8301
8307
8308
8309
8316
8317
8318
8318
8324
8327
8328
8329
8330
8332
8337
8338
8339
8345
8356
8357
8361
8364
8372
8372
8377
8385
8387
8392
8395
8396
8397
8399
8400
8402
8406
8408
8410
8412
8413
8413
8415
8416
8424
8426
8429
8429
8430
8432
8433
8433
8433
8435
8438
8443
8443
8448
8453
8459
8459
8462
8463
8468
8474
8475
8478
8480
8488
8488
8490
8492
8494
8500
8503
8504
8506
8507
8509
8511
8516
8520
8524
8525
8526
8527
8528
8530
8532
8535
8538
8541
8542
8543
8546
8547
8556
8558
8562
8565
8568
8571
8575
8578
8579
8585
8588
8594
8595
8602
8618
8620
8620
8621
8622
8625
8626
8629
8633
8638
8644
8651
8655
8656
8661
8667
8668
8674
8679
8684
8686
8688
8688
8692
8705
8705
8710
8714
8715
8716
8719
8724
8738
8748
8752
8752
8753
8764
8767
8768
8769
8773
8774
8777
8784
8785
8786
8786
8790
8791
8794
8798
8803
8805
8806
8808
8809
8812
8812
8813
8816
8816
8823
8825
8826
8826
8836
8836
8838
8839
8840
8844
8847
8854
8855
8856
8856
8860
8860
8865
8869
8870
8871
8872
8872
8882
8885
8887
8889
8898
8903
8904
8905
8925
8925
8933
8934
8944
8945
8951
8958
8961
8969
8971
8975
8981
8985
8989
8991
8992
8997
8999
9002
9006
9006
9007
9007
9009
9011
9011
9015
9017
9018
9024
9028
9033
9034
9041
9042
9047
9049
9052
9055
9062
9064
9066
9067
9069
9072
9079
9079
9082
9084
9086
9087
9088
9090
9094
9111
9114
9117
9118
9130
9130
9133
9134
9139
9139
9140
9143
9147
9149
9151
9152
9152
9152
9154
9157
9164
9166
9167
9174
9177
9178
9180
9183
9185
9185
9191
9191
9194
9195
9196
9196
9198
9205
9206
9206
9209
9212
9217
9220
9220
9221
9229
9234
9237
9241
9245
9245
9247
9254
9256
9261
9262
9274
9275
9286
9287
9288
9294
9294
9294
9297
9300
9303
9304
9317
9320
9323
9328
9339
9340
9344
9344
9347
9349
9353
9356
9357
9359
9363
9368
9372
9373
9374
9379
9381
9394
9398
9399
9400
9402
9406
9413
9416
9417
9420
9422
9424
9427
9428
9428
9431
9438
9443
9454
9455
9459
9459
9462
9463
9464
9464
9464
9469
9474
9475
9476
9476
9479
9494
9495
9496
9500
9508
9509
9519
9521
9522
9526
9538
9541
9541
9543
9545
9557
9557
9558
9558
9562
9565
9566
9568
9570
9575
9578
9581
9583
9583
9585
9586
9587
9595
9597
9598
9600
9601
9611
9612
9614
9622
9624
9634
9637
9640
9643
9645
9646
9648
9655
9663
9664
9665
9665
9666
9667
9669
9674
9676
9688
9694
9702
9708
9709
9716
9723
9725
9726
9728
9730
9734
9735
9737
9738
9738
9740
9740
9742
9743
9748
9748
9749
9751
9751
9753
9755
9756
9757
9765
9766
9767
9771
9774
9778
9780
9781
9781
9783
9784
9792
9794
9801
9802
9809
9813
9814
9823
9823
9824
9824
9829
9838
9841
9842
9842
9842
9843
9843
9850
9850
9857
9858
9858
9864
9866
9869
9870
9872
9877
9889
9899
9902
9904
9905
9910
9914
9934
9936
9940
9944
9947
9947
9949
9964
9973
9977
9978
9980
9981
9988
9988
9989
9991
9992
9999
10000
10015
10016
10023
10024
10027
10027
10031
10031
10034
10049
10070
10071
10072
10073
10076
10079
10083
10089
10089
10094
10095
10104
10105
10111
10114
10129
10140
10146
10153
10153
10154
10157
10160
10165
10165
10166
10172
10172
10175
10181
10184
10191
10196
10199
10203
10205
10207
10211
10211
10214
10217
10221
10221
10223
10223
10223
10232
10235
10235
10236
10236
10236
10236
10244
10245
10246
10246
10253
10261
10264
10264
10276
10291
10291
10292
10295
10297
10297
10298
10300
10304
10313
10314
10316
10317
10318
10319
10325
10326
10327
10328
10328
10331
10337
10345
10352
10352
10352
10358
10361
10363
10365
10376
10377
10378
10387
10388
10392
10396
10398
10398
10400
10403
10405
10408
10414
10416
10421
10433
10434
10438
10441
10443
10450
10454
10460
10461
10462
10462
10465
10468
10470
10471
10474
10481
10494
10500
10500
10501
10504
10510
10511
10517
10524
10527
10530
10536
10540
10540
10542
10556
10559
10568
10568
10573
10576
10583
10584
10589
10590
10605
10610
10610
10614
10622
10623
10626
10628
10629
10633
10634
10640
10645
10650
10652
10657
10662
10662
10670
10671
10674
10675
10677
10677
10677
10681
10682
10689
10692
10692
10694
10699
10699
10699
10708
10711
10711
10714
10720
10724
10728
10731
10732
10733
10735
10735
10736
10737
10737
10739
10742
10743
10744
10744
10745
10748
10751
10753
10759
10763
10765
10765
10770
10773
10782
10796
10798
10798
10803
10805
10809
10809
10812
10819
10820
10822
10823
10827
10837
10839
10843
10849
10849
10850
10853
10855
10856
10857
10867
10869
10878
10882
10885
10889
10890
10892
10896
10898
10899
10906
10909
10912
10919
10919
10923
10925
10926
10931
10932
10935
10941
10943
10952
10952
10955
10957
10963
10967
10968
10976
10979
10980
10982
10987
10987
10992
10998
11001
11003
11004
11009
11017
11017
11028
11028
11029
11030
11033
11034
11037
11039
11041
11041
11045
11057
11065
11065
11066
11072
11083
11086
11091
11097
11100
11101
11102
11103
11117
11117
11118
11120
11122
11127
11133
11136
11140
11147
11149
11159
11160
11161
11163
11163
11164
11165
11166
11167
11168
11171
11171
11172
11178
11178
11180
11185
11189
11190
11191
11191
11192
11193
11201
11204
11208
11210
11212
11223
11225
11227
11228
11230
11235
11241
11242
11248
11260
11260
11262
11271
11272
11275
11279
11284
11289
11295
11297
11299
11300
11302
11304
11314
11318
11322
11326
11329
11329
11336
11340
11340
11344
11348
11352
11355
11361
11366
11367
11370
11370
11373
11386
11392
11395
11395
11397
11404
11412
11414
11415
11426
11430
11433
11433
11434
11434
11435
11436
11436
11439
11443
11445
11456
11456
11459
11468
11469
11472
11474
11479
11485
11493
11498
11502
11506
11507
11519
11520
11522
11524
11525
11528
11530
11532
11534
11536
11537
11543
11550
11551
11552
11554
11555
11557
11566
11567
11569
11570
11574
11575
11581
11582
11583
11584
11586
11590
11593
11595
11597
11604
11606
11609
11610
11612
11612
11621
11625
11630
11633
11633
11634
11641
11642
11645
11655
11658
11660
11661
11662
11666
11669
11674
11675
11675
11681
11691
11692
11692
11697
11703
11705
11708
11708
11717
11728
11733
11735
11744
11748
11753
11755
11756
11759
11759
11760
11762
11766
11769
11775
11782
11788
11790
11797
11799
11805
11808
11809
11815
11815
11815
11821
11825
11826
11828
11832
11836
11839
11841
11842
11844
11846
11850
11850
11855
11855
11857
11858
11862
11866
11866
11879
11883
11883
11886
11906
11917
11919
11919
11924
11929
11931
11936
11937
11938
11938
11942
11943
11944
11948
11948
11954
11964
11966
11970
11975
11978
11978
11978
11983
11986
11991
11994
11997
11999
12003
12006
12014
12015
12019
12024
12026
12026
12030
12030
12030
12035
12038
12038
12038
12051
12051
12052
12057
12059
12064
12070
12072
12075
12083
12084
12084
12087
12090
12090
12090
12092
12096
12096
12108
12114
12115
12122
12134
12135
12138
12139
12140
12148
12156
12162
12163
12167
12168
12172
12177
12177
12177
12180
12181
12182
12182
12185
12189
12189
12195
12200
12202
12203
12203
12204
12209
12217
12220
12220
12222
12225
12225
12233
12234
12237
12237
12238
12241
12243
12245
12249
12257
12258
12260
12262
12271
12272
12272
12272
12280
12281
12286
12288
12288
12292
12292
12293
12295
12296
12296
12297
12297
12298
12303
12303
12308
12312
12317
12321
12323
12328
12330
12330
12339
12345
12345
12348
12353
12354
12357
12360
12361
12361
12371
12377
12380
12382
12388
12388
12395
12398
12407
12407
12412
12414
12418
12427
12427
12429
12437
12437
12443
12448
12454
12455
12458
12460
12464
12475
12485
12488
12490
12499
12502
12503
12504
12504
12507
12510
12510
12512
12517
12520
12521
12523
12527
12528
12533
12538
12545
12546
12550
12551
12551
12562
12562
12563
12567
12568
12574
12581
12584
12584
12585
12591
12593
12604
12605
12605
12609
12609
12610
12610
12613
12614
12616
12618
12619
12620
12620
12620
12621
12627
12628
12630
12634
12649
12651
12654
12659
12665
12687
12699
12700
12705
12706
12707
12714
12721
12723
12723
12725
12740
12740
12741
12743
12749
12749
12750
12754
12758
12760
12767
12769
12770
12772
12778
12789
12802
12803
12805
12806
12809
12811
12816
12817
12821
12823
12826
12827
12836
12837
12842
12843
12851
12853
12855
12857
12857
12862
12862
12868
12871
12871
12879
12882
12884
12887
12887
12887
12887
12891
12892
12892
12894
12904
12904
12905
12913
12915
12920
12924
12925
12927
12927
12929
12930
12931
12933
12935
12938
12939
12944
12952
12954
12955
12958
12960
12965
12966
12967
12970
12970
12971
12971
12979
12980
12982
12984
12987
12991
12994
13001
13007
13011
13015
13020
13023
13032
13032
13040
13048
13057
13058
13063
13063
13065
13066
13066
13069
13074
13075
13075
13075
13076
13081
13081
13083
13084
13086
13087
13092
13092
13105
13107
13116
13126
13126
13128
13133
13136
13141
13142
13147
13148
13162
13166
13166
13171
13175
13179
13181
13181
13183
13184
13186
13193
13193
13197
13199
13201
13208
13208
13212
13214
13220
13234
13235
13236
13239
13242
13244
13244
13246
13251
13252
13258
13259
13260
13261
13266
13273
13276
13285
13288
13290
13295
13296
13305
13306
13313
13314
13317
13324
13324
13325
13329
13331
13334
13335
13341
13367
13368
13376
13379
13385
13386
13393
13398
13402
13406
13409
13411
13417
13421
13433
13436
13440
13442
13442
13445
13453
13458
13462
13464
13465
13471
13473
13474
13487
13493
13494
13495
13496
13500
13506
13508
13512
13512
13514
13517
13519
13526
13527
13528
13528
13528
13532
13536
13537
13540
13547
13549
13554
13558
13562
13570
13571
13572
13579
13583
13585
13586
13587
13589
13590
13596
13601
13610
13617
13619
13620
13625
13626
13629
13629
13630
13630
13634
13637
13639
13646
13647
13648
13649
13649
13652
13652
13653
13654
13655
13660
13667
13670
13679
13682
13684
13686
13686
13694
13701
13701
13703
13707
13714
13715
13716
13719
13719
13726
13733
13734
13740
13741
13741
13751
13753
13755
13758
13761
13763
13763
13767
13768
13769
13772
13773
13775
13777
13784
13787
13793
13803
13804
13806
13807
13810
13818
13818
13819
13821
13825
13826
13827
13829
13829
13835
13837
13838
13842
13843
13854
13855
13860
13863
13863
13869
13871
13875
13878
13886
13888
13888
13892
13892
13893
13896
13898
13898
13900
13901
13903
13909
13913
13915
13917
13921
13929
13930
13933
13938
13938
13946
13955
13957
13963
13965
13966
13971
13975
13975
13983
13984
13993
13996
14002
14007
14008
14009
14015
14017
14022
14023
14024
14027
14028
14028
14030
14033
14038
14041
14045
14046
14054
14055
14056
14059
14070
14070
14070
14071
14074
14078
14087
14091
14107
14119
14119
14126
14126
14127
14132
14147
14148
14151
14159
14159
14162
14174
14184
14186
14190
14193
14193
14194
14204
14211
14215
14229
14233
14239
14240
14244
14246
14254
14256
14258
14261
14263
14264
14269
14273
14274
14277
14279
14281
14281
14286
14287
14294
14303
14304
14305
14306
14307
14308
14309
14312
14313
14313
14320
14321
14330
14335
14338
14346
14355
14355
14357
14358
14363
14367
14372
14373
14375
14382
14383
14395
14395
14400
14400
14404
14408
14410
14412
14418
14423
14424
14425
14427
14430
14433
14434
14442
14446
14459
14463
14464
14466
14470
14471
14484
14486
14488
14489
14499
14500
14503
14507
14516
14516
14523
14527
14529
14535
14541
14543
14544
14548
14551
14559
14559
14569
14575
14576
14576
14577
14579
14584
14588
14589
14590
14593
14599
14607
14608
14613
14616
14616
14621
14624
14625
14628
14629
14636
14637
14639
14645
14648
14654
14655
14660
14662
14663
14665
14672
14673
14674
14677
14685
14691
14691
14694
14697
14699
14703
14705
14706
14707
14707
14713
14723
14725
14732
14733
14736
14737
14738
14742
14744
14745
14750
14750
14751
14752
14755
14757
14759
14769
14773
14774
14774
14775
14779
14783
14783
14790
14794
14813
14813
14821
14824
14829
14830
14831
14835
14850
14858
14860
14866
14870
14874
14879
14891
14895
14913
14914
14916
14917
14918
14927
14933
14937
14940
14942
14942
14942
14943
14944
14946
14952
14954
14958
14959
14969
14971
14975
14975
14977
14980
14985
14985
14987
14989
14997
15001
15002
15003
15005
15009
15010
15013
15015
15020
15025
15030
15031
15034
15037
15039
15068
15069
15080
15081
15084
15086
15091
15092
15093
15098
15099
15100
15102
15104
15112
15125
15129
15131
15135
15136
15138
15141
15141
15145
15145
15158
15166
15172
15175
15176
15177
15178
15178
15180
15182
15184
15198
15207
15219
15224
15224
15224
15224
15228
15228
15228
15230
15231
15244
15249
15250
15250
15252
15254
15258
15263
15269
15270
15274
15281
15283
15283
15285
15306
15311
15315
15315
15316
15316
15323
15323
15327
15332
15341
15350
15353
15355
15356
15358
15362
15364
15365
15368
15373
15383
15386
15392
15393
15396
15401
15402
15403
15404
15405
15406
15412
15412
15424
15432
15432
15432
15452
15453
15460
15463
15464
15466
15467
15473
15474
15477
15477
15477
15487
15492
15504
15505
15505
15505
15507
15509
15510
15516
15517
15520
15521
15521
15522
15523
15533
15536
15540
15540
15542
15547
15556
15557
15562
15564
15565
15566
15567
15570
15571
15571
15574
15583
15585
15587
15589
15591
15597
15598
15604
15616
15622
15625
15625
15627
15630
15637
15638
15644
15647
15665
15666
15666
15667
15670
15678
15679
15687
15693
15697
15701
15701
15704
15708
15712
15716
15719
15720
15721
15722
15724
15733
15735
15737
15737
15742
15746
15749
15750
15753
15767
15774
15778
15783
15784
15786
15786
15789
15796
15799
15804
15806
15806
15806
15808
15811
15814
15817
15818
15819
15824
15831
15833
15836
15837
15838
15839
15843
15847
15850
15856
15858
15859
15862
15866
15867
15872
15874
15881
15883
15884
15884
15885
15889
15890
15892
15894
15898
15904
15913
15915
15926
15927
15929
15936
15937
15940
15945
15946
15947
15949
15953
15953
15954
15955
15957
15957
15963
15964
15968
15970
15973
15974
15977
15978
15979
15988
15992
16013
16013
16016
16024
16025
16026
16029
16036
16041
16042
16044
16044
16052
16059
16059
16060
16065
16069
16070
16070
16073
16076
16077
16088
16088
16089
16096
16103
16108
16108
16110
16111
16111
16112
16113
16114
16116
16118
16119
16119
16123
16128
16134
16136
16138
16149
16154
16155
16155
16156
16157
16157
16164
16168
16170
16172
16179
16182
16182
16185
16186
16186
16190
16191
16191
16194
16197
16200
16201
16204
16207
16208
16209
16209
16210
16218
16224
16225
16234
16235
16237
16237
16250
16255
16257
16261
16262
16264
16265
16267
16272
16272
16275
16277
16285
16285
16286
16288
16289
16289
16292
16293
16300
16302
16303
16307
16315
16318
16320
16322
16323
16324
16334
16337
16337
16339
16345
16353
16357
16359
16360
16372
16373
16377
16377
16387
16388
16389
16389
16394
16396
16396
16398
16400
16405
16406
16417
16418
16422
16423
16431
16435
16436
16443
16451
16454
16457
16460
16463
16463
16464
16464
16466
16468
16471
16474
16476
16476
16484
16485
16486
16486
16489
16492
16495
16496
16497
16500
16502
16503
16506
16506
16508
16513
16525
16525
16532
16535
16536
16537
16537
16546
16552
16556
16557
16557
16557
16557
16567
16568
16569
16570
16573
16574
16575
16575
16575
16576
16577
16579
16580
16581
16598
16600
16601
16614
16615
16616
16622
16632
16633
16634
16640
16643
16645
16647
16649
16651
16651
16652
16653
16654
16658
16660
16663
16679
16686
16688
16690
16692
16693
16702
16705
16707
16707
16709
16709
16709
16711
16714
16718
16718
16719
16719
16720
16724
16744
16745
16747
16748
16752
16758
16764
16769
16772
16776
16783
16785
16788
16788
16790
16795
16798
16803
16803
16812
16814
16816
16818
16823
16826
16827
16828
16830
16833
16834
16834
16839
16847
16852
16853
16854
16856
16857
16857
16858
16863
16871
16872
16877
16887
16894
16894
16899
16903
16905
16912
16914
16920
16923
16927
16930
16931
16939
16943
16948
16950
16955
16955
16957
16959
16960
16963
16965
16974
16976
16981
16983
16985
16985
16990
16995
16997
16998
16999
17001
17004
17005
17014
17020
17021
17021
17027
17030
17036
17038
17040
17045
17049
17051
17054
17059
17062
17071
17074
17079
17082
17085
17090
17092
17093
17094
17095
17098
17099
17101
17103
17105
17113
17115
17115
17117
17124
17130
17134
17139
17142
17143
17145
17151
17151
17151
17152
17156
17165
17166
17175
17179
17193
17197
17199
17201
17206
17207
17215
17217
17220
17225
17229
17229
17234
17237
17241
17243
17245
17246
17247
17247
17248
17252
17253
17257
17258
17263
17266
17266
17279
17281
17283
17284
17287
17290
17294
17294
17295
17298
17298
17299
17299
17304
17305
17310
17311
17314
17320
17324
17325
17327
17333
17333
17338
17356
17358
17360
17364
17368
17368
17373
17374
17374
17375
17379
17382
17383
17384
17387
17391
17393
17399
17400
17428
17429
17436
17440
17443
17445
17447
17452
17455
17457
17458
17459
17461
17463
17465
17468
17475
17482
17487
17492
17493
17499
17514
17516
17520
17520
17529
17530
17531
17532
17537
17539
17541
17543
17547
17558
17563
17566
17567
17575
17579
17586
17591
17594
17601
17601
17601
17607
17609
17611
17615
17621
17633
17634
17640
17645
17647
17648
17650
17652
17656
17657
17659
17663
17688
17689
17697
17701
17703
17707
17717
17717
17718
17731
17731
17731
17736
17738
17739
17740
17743
17748
17751
17764
17767
17770
17772
17775
17780
17789
17791
17792
17794
17794
17795
17796
17797
17797
17798
17799
17802
17805
17807
17814
17814
17817
17819
17823
17824
17827
17830
17832
17834
17835
17839
17839
17841
17843
17848
17851
17854
17859
17861
17866
17867
17867
17868
17868
17873
17877
17878
17887
17895
17895
17897
17899
17900
17905
17912
17914
17918
17920
17924
17925
17925
17926
17929
17930
17934
17935
17938
17939
17939
17940
17940
17958
17959
17961
17962
17963
17967
17967
17970
17972
17977
17981
17981
17987
17993
17993
17996
17998
18001
18007
18011
18014
18016
18017
18018
18023
18023
18027
18027
18029
18036
18036
18043
18045
18051
18054
18060
18064
18066
18070
18071
18072
18074
18081
18085
18101
18103
18108
18112
18113
18113
18117
18118
18120
18125
18126
18130
18140
18142
18143
18144
18147
18148
18153
18155
18158
18160
18160
18162
18165
18166
18169
18171
18173
18174
18175
18177
18178
18183
18185
18188
18199
18199
18200
18214
18218
18220
18221
18222
18224
18225
18231
18232
18235
18235
18242
18243
18245
18245
18247
18247
18252
18258
18261
18263
18263
18268
18270
18270
18272
18276
18278
18279
18280
18280
18282
18284
18286
18287
18287
18289
18296
18296
18296
18304
18310
18314
18319
18321
18323
18327
18328
18329
18329
18334
18340
18341
18343
18353
18353
18356
18357
18367
18367
18367
18369
18369
18371
18372
18374
18376
18381
18381
18382
18382
18388
18390
18392
18395
18398
18398
18400
18400
18404
18404
18404
18405
18411
18413
18414
18415
18417
18418
18420
18421
18423
18441
18445
18446
18446
18447
18449
18450
18452
18456
18462
18462
18465
18467
18468
18470
18471
18482
18490
18495
18497
18499
18502
18508
18509
18511
18512
18514
18515
18516
18519
18522
18526
18527
18531
18531
18533
18538
18541
18542
18543
18552
18556
18578
18581
18591
18591
18593
18594
18596
18598
18605
18611
18612
18624
18641
18644
18644
18645
18646
18649
18650
18650
18652
18660
18672
18673
18674
18674
18678
18684
18687
18696
18696
18699
18699
18699
18701
18712
18715
18721
18731
18736
18741
18756
18760
18771
18776
18777
18780
18782
18786
18786
18793
18798
18806
18807
18807
18808
18822
18825
18828
18832
18833
18834
18835
18837
18843
18847
18849
18849
18857
18857
18867
18871
18873
18874
18874
18885
18886
18894
18897
18899
18899
18902
18905
18909
18911
18911
18912
18915
18918
18919
18922
18922
18928
18929
18934
18935
18937
18937
18942
18943
18943
18948
18949
18957
18958
18969
18970
18977
18978
18979
18979
18990
18991
18991
18993
19003
19006
19008
19018
19018
19029
19039
19045
19047
19053
19057
19062
19063
19064
19066
19069
19073
19073
19076
19077
19078
19084
19084
19091
19097
19098
19101
19107
19112
19113
19113
19113
19118
19118
19119
19119
19120
19124
19124
19127
19132
19137
19138
19145
19146
19146
19147
19147
19148
19151
19153
19174
19177
19179
19179
19181
19183
19189
19190
19191
19191
19195
19199
19205
19206
19207
19207
19207
19209
19214
19216
19217
19218
19221
19223
19225
19226
19233
19235
19236
19237
19239
19246
19251
19254
19260
19261
19262
19266
19276
19277
19279
19282
19286
19288
19291
19291
19294
19294
19298
19299
19301
19305
19310
19316
19317
19319
19324
19325
19326
19327
19329
19329
19330
19331
19335
19342
19343
19344
19349
19352
19352
19356
19360
19365
19366
19370
19373
19373
19374
19384
19384
19386
19387
19389
19391
19397
19398
19406
19409
19416
19419
19426
19426
19428
19429
19430
19430
19432
19437
19445
19462
19466
19468
19472
19475
19475
19478
19486
19491
19491
19494
19498
19504
19508
19512
19513
19515
19526
19526
19531
19533
19539
19541
19543
19543
19545
19547
19550
19562
19562
19564
19569
19570
19574
19575
19580
19582
19582
19583
19584
19589
19591
19591
19599
19600
19604
19605
19605
19606
19610
19613
19616
19617
19617
19621
19621
19624
19627
19629
19631
19639
19642
19643
19649
19651
19657
19659
19662
19666
19667
19667
19668
19675
19677
19677
19679
19682
19682
19684
19684
19686
19688
19689
19692
19692
19701
19707
19709
19712
19713
19724
19725
19725
19731
19733
19735
19742
19754
19754
19761
19770
19770
19772
19778
19779
19781
19783
19788
19796
19797
19798
19804
19805
19807
19813
19814
19819
19820
19831
19836
19843
19850
19851
19854
19856
19859
19862
19863
19865
19885
19889
19891
19895
19897
19900
19901
19908
19909
19909
19916
19917
19920
19922
19923
19923
19924
19925
19927
19929
19932
19946
19950
19952
19962
19966
19967
19969
19970
19971
19973
19974
19975
19976
19983
19987
19987
19994
19998
19999
19999
20001
20005
20006
20019
20022
20023
20024
20031
20040
20043
20043
20046
20055
20055
20058
20063
20064
20067
20072
20073
20086
20086
20090
20091
20098
20111
20116
20117
20121
20125
20129
20137
20139
20139
20141
20143
20146
20149
20152
20154
20155
20156
20157
20159
20161
20162
20163
20171
20174
20179
20187
20188
20188
20188
20195
20195
20199
20205
20207
20208
20210
20213
20214
20216
20217
20234
20238
20239
20240
20241
20247
20247
20250
20258
20261
20263
20264
20264
20266
20266
20273
20273
20275
20277
20277
20282
20283
20284
20286
20287
20296
20296
20302
20310
20310
20316
20318
20318
20320
20323
20328
20328
20336
20339
20340
20343
20344
20346
20355
20361
20361
20366
20368
20371
20375
20377
20377
20378
20379
20382
20383
20389
20393
20395
20397
20397
20412
20418
20418
20419
20420
20420
20426
20432
20435
20436
20441
20443
20452
20454
20455
20457
20457
20460
20469
20475
20477
20481
20482
20485
20489
20490
20492
20492
20505
20510
20515
20519
20520
20521
20522
20526
20534
20534
20541
20541
20542
20545
20546
20546
20548
20548
20548
20552
20552
20557
20559
20575
20577
20582
20594
20600
20605
20607
20613
20622
20626
20627
20631
20632
20636
20636
20637
20638
20641
20646
20647
20649
20651
20651
20654
20655
20660
20663
20664
20671
20678
20693
20694
20696
20701
20702
20704
20705
20706
20709
20715
20715
20715
20716
20717
20722
20725
20725
20726
20727
20728
20731
20734
20737
20740
20742
20746
20753
20770
20772
20775
20776
20778
20786
20788
20791
20793
20793
20796
20799
20799
20801
20801
20805
20807
20808
20810
20818
20820
20820
20824
20830
20834
20836
20839
20845
20850
20853
20853
20857
20860
20863
20873
20877
20881
20882
20887
20894
20896
20899
20900
20901
20904
20908
20910
20910
20910
20917
20923
20933
20934
20939
20944
20945
20947
20952
20954
20955
20956
20959
20977
20982
20988
20995
20996
20998
21005
21005
21006
21006
21010
21011
21013
21018
21022
21024
21026
21033
21034
21036
21037
21042
21051
21052
21055
21058
21062
21066
21070
21072
21074
21075
21081
21081
21083
21085
21086
21086
21089
21092
21093
21094
21096
21099
21100
21107
21108
21110
21113
21113
21122
21135
21137
21139
21141
21146
21148
21154
21155
21161
21166
21172
21174
21175
21177
21177
21177
21188
21191
21203
21203
21205
21211
21211
21212
21213
21213
21214
21215
21218
21227
21227
21228
21239
21240
21242
21243
21244
21248
21250
21256
21256
21257
21258
21260
21265
21266
21267
21267
21268
21268
21271
21272
21274
21277
21281
21281
21287
21288
21288
21288
21289
21291
21295
21296
21305
21309
21320
21323
21325
21328
21329
21331
21333
21334
21335
21338
21340
21342
21342
21347
21347
21353
21358
21358
21367
21368
21369
21370
21371
21373
21376
21379
21381
21384
21387
21390
21393
21396
21408
21409
21410
21413
21415
21415
21415
21417
21417
21417
21418
21419
21423
21430
21434
21436
21451
21458
21476
21476
21477
21480
21482
21483
21484
21489
21489
21489
21494
21497
21502
21507
21510
21516
21517
21517
21524
21524
21535
21536
21536
21543
21544
21544
21546
21557
21559
21564
21566
21571
21575
21577
21579
21589
21600
21600
21600
21612
21612
21615
21615
21622
21623
21624
21625
21631
21631
21635
21640
21644
21650
21657
21660
21660
21661
21664
21667
21669
21671
21675
21682
21688
21688
21692
21696
21697
21699
21702
21706
21706
21706
21713
21715
21719
21720
21721
21730
21731
21735
21740
21748
21749
21752
21759
21766
21767
21777
21778
21779
21782
21785
21789
21792
21793
21796
21802
21802
21814
21815
21828
21832
21841
21846
21850
21856
21857
21860
21860
21862
21862
21868
21871
21878
21878
21885
21887
21892
21900
21900
21903
21907
21908
21910
21912
21913
21915
21917
21918
21919
21928
21936
21937
21944
21954
21956
21958
21960
21960
21966
21973
21977
21982
21982
21988
21990
21994
21996
21997
21999
21999
22001
22011
22016
22020
22020
22024
22026
22027
22027
22029
22029
22030
22033
22037
22050
22058
22064
22067
22075
22081
22083
22084
22085
22089
22094
22097
22104
22106
22109
22112
22118
22122
22126
22129
22135
22139
22140
22146
22146
22158
22166
22167
22169
22177
22180
22180
22181
22184
22191
22195
22195
22196
22198
22206
22209
22212
22213
22214
22214
22218
22218
22218
22225
22230
22231
22237
22238
22241
22244
22247
22250
22251
22252
22254
22259
22263
22264
22265
22266
22267
22268
22269
22271
22274
22277
22286
22288
22289
22289
22298
22298
22304
22304
22308
22315
22322
22323
22329
22330
22335
22337
22339
22344
22345
22346
22360
22360
22370
22371
22375
22378
22381
22381
22386
22386
22391
22391
22391
22400
22402
22405
22405
22406
22406
22412
22418
22421
22425
22427
22434
22437
22439
22440
22442
22446
22453
22458
22460
22465
22472
22473
22475
22476
22483
22491
22491
22495
22503
22504
22505
22511
22512
22517
22518
22518
22518
22521
22528
22529
22533
22533
22537
22538
22538
22544
22544
22546
22548
22552
22571
22575
22578
22580
22587
22608
22608
22616
22618
22620
22624
22626
22627
22637
22638
22640
22653
22655
22665
22674
22681
22682
22684
22686
22707
22713
22716
22716
22723
22725
22731
22735
22739
22741
22746
22749
22750
22753
22755
22764
22767
22768
22773
22774
22780
22784
22786
22788
22789
22794
22796
22802
22803
22804
22811
22812
22815
22819
22827
22830
22831
22834
22834
22844
22844
22846
22848
22848
22857
22858
22862
22866
22869
22873
22874
22879
22879
22886
22892
22892
22894
22900
22903
22907
22911
22913
22915
22917
22918
22922
22924
22924
22925
22928
22934
22937
22940
22945
22950
22954
22957
22959
22961
22964
22965
22971
22972
22974
22978
22980
22986
22988
22990
22990
22991
22995
22995
22995
22997
23000
23004
23008
23014
23017
23020
23026
23038
23039
23048
23049
23049
23050
23056
23063
23068
23078
23082
23089
23090
23092
23092
23092
23096
23098
23100
23103
23104
23106
23109
23117
23119
23119
23120
23121
23124
23130
23132
23136
23136
23139
23142
23144
23147
23147
23149
23156
23161
23162
23163
23164
23166
23168
23170
23179
23180
23184
23186
23186
23187
23190
23190
23194
23196
23200
23200
23204
23206
23210
23210
23214
23224
23225
23228
23232
23233
23237
23238
23252
23253
23254
23255
23256
23257
23257
23263
23266
23266
23272
23273
23274
23276
23280
23286
23298
23312
23315
23317
23319
23328
23330
23332
23333
23333
23336
23340
23342
23347
23348
23349
23358
23362
23369
23372
23379
23380
23380
23380
23380
23381
23385
23386
23392
23396
23400
23405
23406
23408
23417
23424
23426
23427
23428
23431
23434
23439
23440
23442
23443
23444
23445
23447
23457
23463
23464
23465
23465
23468
23475
23479
23480
23480
23482
23484
23487
23489
23489
23490
23493
23496
23502
23514
23524
23526
23527
23528
23529
23531
23532
23532
23536
23537
23543
23544
23550
23554
23556
23557
23559
23562
23564
23566
23571
23576
23578
23584
23587
23592
23596
23597
23600
23604
23604
23607
23609
23611
23614
23618
23623
23626
23626
23629
23631
23632
23632
23632
23633
23635
23640
23646
23650
23654
23657
23657
23658
23658
23659
23662
23666
23668
23671
23677
23681
23683
23686
23690
23698
23698
23698
23700
23703
23705
23705
23708
23716
23719
23730
23734
23735
23737
23738
23747
23752
23753
23755
23760
23761
23763
23774
23779
23780
23785
23789
23790
23790
23791
23794
23794
23797
23798
23800
23801
23802
23806
23813
23813
23814
23815
23819
23820
23820
23822
23823
23824
23826
23830
23831
23833
23833
23834
23840
23843
23844
23844
23847
23850
23850
23858
23859
23861
23863
23870
23872
23874
23875
23875
23880
23883
23889
23890
23902
23907
23908
23912
23912
23915
23919
23929
23930
23934
23937
23939
23939
23940
23940
23943
23947
23952
23955
23964
23965
23968
23982
23983
23984
23988
23990
23994
23997
24000
24000
24003
24004
24008
24014
24017
24025
24027
24030
24031
24038
24038
24039
24045
24047
24048
24053
24069
24079
24082
24090
24093
24098
24101
24104
24112
24112
24116
24120
24122
24128
24133
24144
24144
24146
24157
24160
24161
24166
24167
24170
24170
24170
24175
24178
24181
24184
24194
24201
24203
24205
24207
24209
24219
24222
24230
24230
24235
24239
24239
24239
24240
24242
24243
24248
24248
24249
24261
24262
24262
24264
24266
24270
24276
24279
24282
24284
24294
24296
24301
24305
24306
24306
24308
24309
24311
24318
24321
24322
24324
24327
24333
24349
24356
24368
24377
24378
24379
24384
24385
24389
24394
24397
24401
24402
24409
24411
24411
24414
24414
24415
24415
24417
24418
24420
24422
24424
24426
24428
24431
24433
24434
24435
24437
24439
24439
24441
24443
24449
24451
24452
24459
24459
24460
24462
24463
24464
24467
24468
24474
24483
24488
24492
24495
24497
24499
24502
24510
24510
24512
24512
24514
24516
24520
24536
24544
24548
24549
24552
24565
24574
24583
24586
24586
24589
24590
24591
24602
24602
24604
24608
24613
24615
24620
24630
24638
24642
24644
24652
24652
24653
24659
24659
24660
24662
24663
24666
24670
24676
24677
24678
24684
24688
24689
24699
24700
24722
24723
24723
24725
24727
24729
24733
24733
24738
24745
24745
24746
24749
24753
24754
24755
24763
24763
24765
24766
24770
24770
24771
24772
24773
24775
24783
24783
24787
24791
24795
24795
24797
24800
24803
24807
24808
24808
24815
24818
24821
24822
24826
24837
24838
24839
24839
24840
24840
24841
24845
24850
24852
24858
24859
24863
24863
24864
24864
24865
24870
24872
24884
24887
24890
24891
24892
24897
24898
24899
24901
24902
24905
24911
24913
24914
24919
24924
24925
24926
24926
24930
24931
24935
24935
24937
24937
24945
24947
24953
24954
24956
24956
24959
24963
24968
24968
24970
24975
24975
24988
24989
24993
24994
24997
24998
25000
25006
25014
25021
25021
25021
25027
25028
25031
25034
25037
25039
25048
25049
25050
25053
25058
25058
25060
25060
25061
25061
25065
25077
25080
25083
25088
25092
25092
25093
25093
25094
25102
25103
25107
25107
25110
25110
25112
25116
25120
25123
25124
25124
25126
25133
25137
25138
25139
25140
25140
25140
25144
25144
25147
25149
25153
25166
25170
25171
25177
25180
25180
25182
25184
25189
25194
25194
25194
25195
25197
25199
25199
25201
25201
25205
25205
25209
25212
25212
25216
25217
25218
25220
25222
25224
25224
25228
25228
25230
25233
25234
25234
25238
25243
25243
25244
25248
25249
25252
25252
25259
25264
25267
25269
25270
25273
25274
25276
25281
25283
25285
25285
25295
25295
25307
25316
25316
25320
25320
25322
25322
25323
25329
25331
25337
25338
25338
25338
25339
25345
25354
25359
25363
25365
25365
25367
25372
25373
25395
25400
25405
25408
25411
25413
25414
25417
25418
25418
25421
25422
25431
25431
25433
25433
25443
25447
25461
25464
25471
25472
25479
25481
25487
25489
25498
25503
25504
25510
25516
25523
25526
25534
25535
25536
25538
25541
25546
25546
25551
25557
25562
25562
25564
25565
25567
25571
25571
25582
25588
25592
25610
25614
25616
25617
25619
25624
25628
25630
25635
25635
25636
25636
25637
25638
25643
25643
25655
25666
25666
25666
25667
25669
25679
25680
25684
25689
25696
25699
25701
25708
25712
25713
25713
25724
25731
25735
25740
25741
25746
25747
25749
25750
25760
25768
25770
25771
25774
25776
25789
25795
25797
25797
25798
25799
25803
25810
25816
25817
25819
25820
25824
25824
25826
25829
25831
25832
25833
25833
25834
25836
25837
25838
25839
25839
25842
25843
25849
25852
25853
25858
25860
25862
25863
25867
25872
25873
25875
25878
25878
25878
25880
25892
25892
25893
25910
25911
25912
25914
25915
25915
25920
25925
25927
25932
25938
25941
25946
25953
25960
25965
25968
25971
25973
25976
25977
25979
25986
25991
25992
25999
26000
26016
26016
26021
26022
26031
26033
26035
26037
26039
26040
26047
26048
26049
26050
26053
26053
26054
26060
26064
26070
26070
26074
26086
26090
26094
26096
26098
26103
26109
26115
26116
26117
26124
26127
26128
26130
26133
26145
26156
26158
26161
26161
26162
26162
26165
26169
26172
26174
26175
26175
26178
26181
26181
26182
26195
26196
26199
26199
26202
26203
26212
26217
26224
26227
26228
26229
26231
26239
26239
26251
26253
26261
26262
26265
26266
26267
26267
26271
26274
26276
26283
26287
26287
26288
26291
26291
26292
26294
26295
26296
26298
26298
26298
26300
26303
26306
26307
26308
26309
26315
26319
26326
26329
26333
26336
26342
26344
26344
26350
26353
26357
26362
26362
26363
26368
26369
26370
26373
26375
26382
26384
26393
26395
26400
26405
26413
26413
26417
26417
26424
26424
26428
26434
26437
26449
26452
26455
26460
26461
26461
26462
26466
26466
26466
26472
26474
26474
26476
26476
26477
26477
26478
26488
26501
26519
26522
26529
26529
26530
26535
26536
26536
26536
26536
26538
26540
26540
26542
26543
26546
26550
26553
26554
26556
26567
26572
26579
26588
26588
26604
26605
26609
26616
26617
26626
26627
26628
26629
26633
26635
26636
26641
26642
26643
26647
26651
26652
26654
26655
26657
26662
26665
26666
26669
26670
26675
26682
26688
26692
26692
26695
26698
26706
26707
26708
26708
26712
26720
26730
26732
26732
26734
26742
26745
26750
26754
26756
26757
26757
26759
26774
26776
26778
26780
26781
26781
26783
26788
26792
26794
26796
26798
26811
26813
26814
26814
26817
26818
26826
26827
26834
26834
26835
26836
26837
26839
26840
26841
26842
26845
26848
26854
26865
26870
26877
26889
26893
26896
26912
26915
26916
26917
26923
26927
26930
26931
26931
26935
26937
26942
26943
26951
26952
26952
26956
26961
26963
26967
26971
26975
26977
26981
26986
26987
26988
26988
26994
26996
27010
27013
27017
27018
27024
27026
27026
27027
27029
27030
27033
27035
27040
27042
27043
27044
27046
27047
27047
27050
27050
27051
27052
27053
27057
27072
27072
27075
27076
27080
27084
27086
27087
27090
27113
27115
27115
27115
27116
27116
27116
27117
27122
27124
27127
27128
27130
27131
27133
27140
27144
27154
27156
27165
27167
27172
27175
27177
27178
27179
27181
27181
27184
27184
27185
27190
27199
27199
27200
27206
27207
27209
27213
27214
27215
27219
27220
27220
27221
27222
27222
27227
27234
27236
27238
27241
27244
27244
27250
27250
27251
27257
27258
27259
27259
27262
27263
27275
27275
27276
27278
27283
27285
27289
27290
27292
27292
27292
27306
27310
27316
27322
27325
27327
27328
27330
27331
27339
27340
27342
27344
27350
27359
27360
27363
27366
27373
27377
27379
27382
27382
27385
27388
27389
27393
27394
27395
27398
27408
27409
27411
27411
27412
27412
27413
27415
27416
27416
27421
27422
27425
27429
27431
27438
27439
27440
27453
27456
27458
27459
27461
27462
27484
27489
27490
27492
27494
27497
27510
27513
27513
27514
27514
27515
27518
27518
27520
27524
27529
27530
27531
27546
27549
27549
27557
27559
27560
27562
27564
27566
27567
27569
27572
27576
27577
27577
27581
27583
27591
27601
27604
27623
27626
27634
27636
27639
27643
27644
27648
27649
27653
27657
27661
27664
27667
27668
27672
27674
27676
27686
27700
27700
27704
27704
27710
27718
27718
27719
27725
27727
27731
27732
27738
27738
27741
27745
27750
27754
27755
27761
27763
27766
27772
27775
27776
27778
27779
27780
27780
27782
27782
27786
27793
27794
27795
27800
27801
27803
27824
27824
27830
27831
27835
27841
27842
27842
27843
27844
27847
27848
27862
27863
27863
27869
27869
27872
27873
27874
27876
27877
27881
27883
27891
27892
27898
27899
27902
27903
27909
27910
27914
27918
27918
27921
27922
27932
27937
27940
27942
27946
27947
27948
27949
27950
27953
27954
27956
27960
27961
27964
27964
27965
27967
27971
27975
27976
27977
27980
27984
27986
27986
27993
27993
27994
27996
27998
28000
28014
28023
28037
28042
28042
28045
28046
28046
28048
28049
28050
28053
28055
28059
28064
28071
28071
28072
28074
28083
28084
28085
28088
28089
28094
28095
28096
28105
28108
28110
28111
28111
28111
28115
28123
28126
28129
28133
28135
28137
28143
28144
28145
28146
28147
28153
28155
28156
28157
28159
28162
28162
28163
28167
28169
28170
28178
28197
28199
28202
28205
28210
28212
28220
28221
28224
28230
28236
28241
28241
28245
28253
28265
28270
28276
28277
28278
28279
28286
28288
28312
28314
28318
28323
28340
28342
28342
28342
28349
28352
28352
28355
28355
28356
28366
28373
28379
28385
28387
28391
28393
28396
28396
28402
28403
28404
28405
28406
28407
28408
28420
28422
28428
28451
28456
28460
28468
28471
28473
28473
28478
28486
28488
28489
28501
28505
28511
28512
28513
28514
28514
28515
28516
28517
28519
28521
28522
28522
28526
28528
28535
28536
28537
28539
28539
28540
28545
28555
28558
28561
28562
28567
28570
28571
28576
28576
28576
28577
28581
28582
28582
28582
28582
28583
28585
28585
28586
28590
28590
28590
28595
28607
28607
28608
28608
28610
28613
28618
28621
28623
28627
28634
28638
28639
28639
28640
28646
28647
28648
28649
28654
28654
28654
28658
28660
28663
28669
28670
28671
28673
28673
28677
28679
28679
28681
28683
28683
28686
28691
28694
28694
28698
28706
28706
28707
28711
28712
28717
28719
28720
28724
28739
28744
28748
28748
28754
28761
28763
28768
28775
28776
28782
28783
28785
28793
28795
28797
28798
28800
28803
28806
28808
28808
28812
28813
28817
28817
28820
28822
28823
28824
28826
28826
28828
28834
28839
28844
28847
28852
28855
28858
28861
28862
28863
28864
28865
28873
28880
28889
28891
28892
28897
28902
28903
28906
28912
28915
28921
28923
28926
28926
28927
28928
28930
28932
28932
28939
28948
28951
28954
28967
28970
28970
28979
28986
28989
28990
28992
28993
28993
28994
28994
28995
28996
29001
29002
29005
29019
29038
29039
29043
29046
29051
29055
29055
29060
29068
29069
29071
29072
29080
29082
29086
29086
29089
29090
29092
29093
29096
29100
29109
29111
29112
29114
29115
29116
29118
29119
29122
29124
29126
29127
29131
29134
29136
29147
29149
29166
29166
29173
29183
29190
29191
29196
29198
29198
29207
29211
29213
29217
29218
29226
29226
29230
29230
29241
29242
29244
29245
29247
29252
29258
29259
29259
29262
29264
29268
29268
29268
29270
29271
29271
29272
29274
29276
29282
29282
29284
29288
29290
29292
29294
29297
29301
29301
29305
29306
29308
29309
29311
29317
29324
29326
29332
29334
29341
29342
29344
29345
29345
29348
29350
29356
29357
29362
29368
29385
29392
29393
29395
29398
29403
29407
29416
29419
29420
29424
29428
29433
29437
29447
29448
29455
29459
29465
29467
29472
29472
29478
29479
29481
29482
29491
29493
29494
29496
29497
29499
29501
29502
29502
29502
29503
29506
29506
29518
29520
29524
29530
29531
29532
29533
29533
29535
29539
29542
29545
29554
29556
29557
29563
29564
29576
29578
29581
29584
29594
29601
29605
29611
29613
29620
29622
29629
29629
29634
29652
29657
29660
29663
29666
29668
29674
29675
29684
29693
29698
29700
29702
29703
29704
29707
29725
29727
29728
29737
29749
29750
29751
29751
29753
29753
29755
29764
29774
29775
29781
29786
29788
29789
29790
29796
29797
29798
29798
29804
29805
29818
29822
29823
29826
29830
29832
29833
29846
29847
29848
29854
29855
29859
29862
29862
29864
29870
29875
29882
29887
29890
29891
29897
29900
29901
29902
29905
29908
29911
29912
29915
29915
29919
29919
29932
29941
29946
29947
29952
29977
29984
29984
29987
29989
29991
30000
30003
30004
30005
30005
30012
30016
30021
30023
30027
30029
30032
30033
30039
30042
30047
30049
30052
30067
30068
30070
30072
30073
30076
30077
30079
30080
30089
30095
30096
30096
30098
30102
30104
30106
30109
30115
30115
30115
30122
30122
30123
30127
30138
30142
30143
30144
30144
30148
30149
30149
30150
30151
30155
30163
30168
30174
30177
30183
30185
30186
30187
30189
30196
30196
30196
30198
30202
30202
30204
30204
30209
30209
30214
30224
30227
30229
30238
30240
30243
30244
30245
30252
30255
30259
30264
30265
30266
30268
30271
30272
30274
30279
30285
30286
30286
30288
30291
30295
30297
30301
30302
30302
30307
30308
30314
30315
30318
30319
30321
30321
30322
30323
30326
30328
30329
30334
30341
30344
30352
30352
30358
30361
30361
30379
30383
30389
30394
30402
30403
30407
30408
30412
30416
30417
30418
30418
30420
30421
30426
30426
30426
30430
30433
30435
30437
30448
30452
30455
30460
30464
30469
30472
30474
30481
30483
30486
30487
30488
30488
30491
30493
30498
30502
30504
30505
30513
30525
30530
30532
30532
30536
30537
30540
30557
30561
30562
30569
30570
30572
30581
30582
30583
30584
30585
30595
30598
30612
30621
30623
30625
30625
30632
30632
30634
30643
30647
30647
30647
30650
30659
30661
30662
30663
30666
30669
30670
30676
30677
30679
30679
30679
30685
30689
30689
30693
30695
30699
30699
30700
30701
30707
30716
30717
30722
30722
30725
30726
30726
30728
30742
30743
30744
30748
30750
30751
30753
30755
30755
30760
30767
30768
30772
30773
30785
30787
30793
30796
30797
30799
30800
30802
30804
30809
30824
30826
30837
30838
30838
30839
30839
30844
30848
30849
30852
30853
30855
30866
30869
30869
30872
30878
30878
30884
30885
30898
30900
30900
30904
30906
30912
30913
30913
30914
30916
30918
30918
30925
30926
30928
30930
30932
30933
30941
30941
30942
30946
30951
30957
30959
30966
30966
30970
30970
30971
30974
30974
30975
30982
30988
30989
31015
31022
31025
31026
31030
31031
31034
31037
31041
31049
31056
31064
31065
31065
31066
31075
31078
31090
31098
31102
31103
31103
31105
31110
31113
31114
31118
31131
31137
31140
31140
31141
31144
31148
31153
31154
31155
31155
31155
31156
31156
31160
31161
31165
31166
31174
31179
31179
31181
31182
31184
31185
31187
31188
31188
31192
31198
31205
31209
31219
31222
31222
31224
31235
31237
31240
31241
31243
31250
31250
31254
31257
31268
31269
31271
31277
31280
31288
31289
31291
31291
31296
31303
31304
31305
31317
31319
31322
31322
31323
31324
31331
31331
31333
31334
31343
31343
31345
31348
31350
31355
31355
31355
31356
31360
31366
31369
31370
31371
31372
31374
31379
31380
31380
31381
31394
31395
31395
31397
31400
31402
31405
31406
31407
31408
31409
31413
31414
31422
31423
31426
31427
31427
31428
31431
31433
31435
31436
31442
31448
31450
31450
31455
31455
31461
31461
31465
31477
31477
31477
31503
31505
31509
31515
31518
31520
31529
31534
31534
31546
31546
31548
31551
31551
31553
31554
31557
31565
31566
31567
31568
31569
31573
31580
31581
31582
31588
31590
31593
31598
31600
31605
31609
31614
31617
31620
31622
31623
31627
31630
31631
31634
31637
31640
31642
31643
31644
31646
31652
31654
31655
31658
31658
31660
31661
31664
31668
31669
31674
31679
31683
31683
31684
31690
31691
31702
31704
31708
31710
31711
31717
31718
31719
31737
31738
31743
31751
31753
31754
31755
31755
31758
31759
31765
31766
31767
31775
31776
31783
31784
31785
31789
31817
31817
31818
31825
31829
31833
31835
31838
31839
31840
31846
31846
31849
31849
31854
31855
31857
31859
31867
31867
31877
31879
31884
31890
31893
31895
31895
31897
31898
31907
31909
31913
31915
31922
31928
31931
31935
31938
31938
31940
31940
31941
31941
31944
31945
31945
31947
31949
31962
31966
31979
31981
31984
31984
31985
31988
32000
32008
32008
32010
32011
32020
32022
32024
32035
32035
32036
32036
32038
32045
32047
32048
32048
32049
32051
32053
32061
32063
32066
32077
32089
32092
32099
32101
32102
32103
32105
32106
32112
32113
32114
32118
32119
32121
32122
32128
32134
32135
32139
32141
32143
32145
32152
32153
32153
32156
32158
32162
32163
32174
32177
32182
32186
32188
32195
32198
32199
32199
32201
32208
32212
32212
32217
32220
32220
32221
32229
32234
32237
32239
32244
32256
32257
32259
32267
32271
32271
32272
32273
32273
32274
32280
32283
32287
32293
32294
32295
32297
32298
32299
32301
32310
32310
32310
32312
32312
32314
32316
32317
32321
32323
32328
32330
32332
32337
32338
32339
32343
32345
32345
32346
32356
32356
32357
32369
32371
32371
32373
32383
32384
32384
32387
32391
32393
32394
32402
32403
32405
32407
32411
32413
32417
32420
32423
32424
32427
32427
32429
32429
32431
32436
32443
32443
32444
32446
32449
32450
32458
32459
32470
32473
32474
32477
32481
32481
32481
32488
32489
32489
32492
32493
32494
32494
32495
32498
32500
32501
32504
32504
32507
32507
32509
32516
32516
32517
32521
32524
32527
32533
32538
32548
32550
32552
32553
32555
32558
32559
32564
32564
32569
32571
32574
32575
32585
32588
32591
32596
32599
32605
32608
32612
32615
32618
32626
32628
32642
32643
32644
32646
32654
32661
32661
32662
32664
32666
32666
32667
32671
32671
32672
32677
32678
32680
32687
32688
32699
32702
32709
32713
32718
32719
32723
32726
32729
32732
32735
32742
32743
32745
32751
32751
32758
32759
32760
32760
